 "x",  "y",  "u",  "v",  "sigma",  "x_c",  "y_c",  "u_c",  "v_c",  "exx",  "eyy",  "exy",  "e1",  "e2",  "gamma"
216,607,-0.0124289,99.4545,0.0634029,-21,316,-0.0124359,-99.4545,0.0240281,0.037889,0.000886114,0.0379454,0.0239716,1.50721
225,607,-0.111087,99.7798,0.0522108,-12,316,-0.111084,-99.7798,0.0239709,0.0358727,0.000960291,0.0359497,0.0238939,1.4908
243,607,0.634382,99.9897,0.0310828,6,316,0.634384,-99.9897,0.0227665,0.0320348,0.00120472,0.0321888,0.0226124,1.44363
252,607,0.868159,100.029,0.027936,15,316,0.868164,-100.029,0.0218678,0.0303025,0.00135253,0.030514,0.0216562,1.41562
261,607,1.07892,100.046,0.026866,24,316,1.07892,-100.046,0.0208108,0.0285764,0.00149827,0.0288555,0.0205317,1.38666
270,607,1.60348,100.037,0.0253486,33,316,1.60349,-100.037,0.0196068,0.026866,0.00163966,0.0272192,0.0192537,1.35864
279,607,1.69956,100.022,0.0221879,42,316,1.69955,-100.022,0.0182695,0.025179,0.00177477,0.0256082,0.0178403,1.33352
288,607,1.79246,100.012,0.0206806,51,316,1.79245,-100.012,0.0168144,0.0235216,0.00190187,0.0240234,0.0163126,1.31285
297,607,1.86419,100.037,0.0196796,60,316,1.8642,-100.037,0.0152592,0.0218978,0.00201929,0.0224638,0.0146933,1.29753
306,607,1.91592,100.059,0.0208177,69,316,1.91592,-100.059,0.0136014,0.0200722,0.00215102,0.020722,0.0129516,1.27743
315,607,1.98118,100.083,0.0214137,78,316,1.98117,-100.083,0.0118267,0.0181827,0.00226954,0.0189098,0.0110995,1.26072
324,607,2.06863,100.047,0.0251627,87,316,2.06863,-100.047,0.00981982,0.0164339,0.00233988,0.017178,0.00907574,1.26291
333,607,2.29518,100.05,0.028508,96,316,2.2952,-100.05,0.00778897,0.0147857,0.00233489,0.0154933,0.00708136,1.27653
216,616,0.0871165,100.177,0.0443316,-21,307,0.0871124,-100.177,0.0245784,0.0350757,0.000437378,0.0350939,0.0245602,1.52923
225,616,0.158551,100.278,0.0391704,-12,307,0.158554,-100.278,0.0242626,0.0335354,0.000509368,0.0335633,0.0242347,1.51608
234,616,0.241216,100.309,0.0337241,-3,307,0.241211,-100.309,0.023573,0.0319775,0.000630666,0.0320246,0.023526,1.49631
261,616,1.60146,100.057,0.0330158,24,307,1.60147,-100.057,0.02048,0.0278504,0.00111571,0.0280156,0.0203148,1.4238
270,616,1.63099,100.069,0.0281852,33,307,1.63098,-100.07,0.0191742,0.0264956,0.0012901,0.0267163,0.0189536,1.40138
279,616,1.71177,100.089,0.0234134,42,307,1.71176,-100.089,0.0177532,0.025152,0.00146462,0.0254314,0.0174738,1.38231
288,616,1.80811,100.098,0.022779,51,307,1.80811,-100.098,0.0162323,0.023824,0.00163682,0.0241619,0.0158944,1.36724
297,616,1.90537,100.085,0.019713,60,307,1.90536,-100.085,0.0146287,0.0225144,0.00180422,0.0229075,0.0142355,1.35622
306,616,1.95353,100.051,0.0183138,69,307,1.95352,-100.051,0.0129567,0.0210409,0.00199199,0.0215051,0.0124925,1.34186
315,616,1.99211,100.038,0.0186278,78,307,1.9921,-100.038,0.0111591,0.0195234,0.0021746,0.020055,0.0106275,1.33105
324,616,2.11816,100.051,0.0193255,87,307,2.11816,-100.051,0.00918406,0.0181038,0.00232311,0.0186725,0.00861528,1.33068
333,616,2.32349,100.148,0.0283196,96,307,2.32349,-100.148,0.00724359,0.0167127,0.00240379,0.0172879,0.00666832,1.3359
216,625,0.17791,100.665,0.0306689,-21,298,0.177917,-100.665,0.0253084,0.0320782,2.99355e-06,0.0320782,0.0253084,1.57035
225,625,0.168319,100.481,0.0285979,-12,298,0.16832,-100.481,0.0247137,0.0309272,7.24517e-05,0.030928,0.0247129,1.55914
243,625,0.258033,100.604,0.0352701,6,298,0.258026,-100.604,0.0227456,0.0286877,0.000364398,0.0287099,0.0227234,1.50978
252,625,0.402046,100.077,0.03778,15,298,0.402054,-100.077,0.0215541,0.0276395,0.000545382,0.027688,0.0215056,1.48212
261,625,0.776173,100.031,0.0353012,24,298,0.776184,-100.031,0.0202424,0.0265848,0.000738047,0.0266696,0.0201576,1.45647
270,625,1.60811,100.134,0.0313368,33,298,1.60812,-100.134,0.0188218,0.0255291,0.00093926,0.0256582,0.0186928,1.43426
279,625,1.6955,100.147,0.026047,42,298,1.6955,-100.147,0.0173056,0.0244768,0.001146,0.0246555,0.017127,1.41612
288,625,1.84799,100.139,0.0250586,51,298,1.84799,-100.139,0.0157086,0.0234312,0.00135527,0.0236621,0.0154777,1.40202
297,625,1.93159,100.083,0.0216875,60,298,1.93158,-100.083,0.0140474,0.0223943,0.00156407,0.0226778,0.0137639,1.39151
306,625,1.98028,100.042,0.0185669,69,298,1.98029,-100.042,0.0123443,0.0212295,0.00179853,0.0215798,0.011994,1.37846
315,625,1.98923,99.9636,0.0206944,78,298,1.98923,-99.9636,0.0105197,0.0200401,0.00203641,0.0204574,0.0101024,1.36868
324,625,2.17338,100.037,0.0190034,87,298,2.17337,-100.037,0.00857086,0.0189232,0.00225255,0.0193921,0.00810197,1.36557
207,634,-0.0494147,101.276,0.030207,-30,289,-0.049408,-101.276,0.0266329,0.0299187,-0.000343849,0.0299543,0.0265973,-1.46764
216,634,0.224578,101.272,0.0260077,-21,289,0.224579,-101.272,0.0261699,0.0291067,-0.000379591,0.029155,0.0261216,-1.44432
225,634,0.292159,101.164,0.0260053,-12,289,0.29216,-101.164,0.0252796,0.0282622,-0.000311908,0.0282945,0.0252474,-1.46771
234,634,0.285137,100.973,0.0287673,-3,289,0.285141,-100.973,0.0241256,0.0274072,-0.000172603,0.0274162,0.0241166,-1.51839
243,634,0.26666,100.852,0.0319522,6,289,0.266663,-100.852,0.0228778,0.0266012,-4.05373e-06,0.0266012,0.0228778,-1.56971
252,634,0.320416,100.317,0.0368939,15,289,0.320419,-100.317,0.0215155,0.0258046,0.000187882,0.0258128,0.0215072,1.5271
261,634,0.513793,100.102,0.0356521,24,289,0.513794,-100.102,0.0200541,0.0249993,0.000396456,0.0250309,0.0200225,1.4913
270,634,1.61585,100.511,0.0330925,33,289,1.61584,-100.511,0.0185052,0.0241895,0.000618313,0.024256,0.0184387,1.46369
279,634,1.70027,100.306,0.0293861,42,289,1.70026,-100.306,0.0168817,0.0233785,0.000850138,0.0234879,0.0167723,1.44281
288,634,1.86537,100.217,0.0238705,51,289,1.86536,-100.217,0.015198,0.022569,0.0010886,0.0227264,0.0150406,1.42719
297,634,1.9441,100.118,0.021576,60,289,1.94409,-100.118,0.01347,0.0217626,0.0013303,0.0219708,0.0132618,1.41556
306,634,1.97542,100.048,0.0202364,69,289,1.97543,-100.048,0.0117221,0.0208596,0.00160249,0.0211324,0.0114492,1.40212
315,634,1.99091,100.045,0.0219078,78,289,1.99091,-100.045,0.00986836,0.0199497,0.0018865,0.0202911,0.00952691,1.39174
324,634,2.1522,100.084,0.0231956,87,289,2.15219,-100.084,0.0079472,0.0190955,0.00215933,0.0194991,0.00754357,1.38601
207,643,0.0364117,101.435,0.0282056,-30,280,0.0364075,-101.435,0.0279488,0.0269267,-0.000643268,0.0282593,0.0266161,-0.449717
216,643,0.200787,101.45,0.0255271,-21,280,0.20079,-101.45,0.0271132,0.0263392,-0.000684694,0.0275127,0.0259397,-0.528168
225,643,0.269363,101.448,0.0247079,-12,280,0.269363,-101.448,0.0259147,0.0257218,-0.000617849,0.0264436,0.0251929,-0.707961
234,643,0.312462,101.384,0.0269464,-3,280,0.312469,-101.384,0.0245101,0.025096,-0.00047555,0.0253616,0.0242445,-1.06147
243,643,0.358949,101.065,0.0291651,6,280,0.358948,-101.065,0.023055,0.0244943,-0.000301994,0.0245551,0.0229942,-1.37213
252,643,0.752746,100.793,0.0368672,15,280,0.752747,-100.793,0.0215097,0.0238903,-0.000103329,0.0238948,0.0215052,-1.5275
261,643,1.04251,100.836,0.0379377,24,280,1.04251,-100.836,0.0198875,0.0232773,0.000115632,0.0232812,0.0198835,1.53674
270,643,1.66664,100.972,0.0325601,33,280,1.66663,-100.972,0.0182,0.0226586,0.000351438,0.0226862,0.0181724,1.49262
297,643,1.94163,100.355,0.0224522,60,280,1.94162,-100.355,0.0128791,0.0207928,0.00112487,0.0209495,0.0127224,1.43231
306,643,1.98333,100.146,0.0203652,69,280,1.98334,-100.146,0.0110766,0.0201003,0.00142465,0.0203199,0.010857,1.41787
315,643,2.00135,100.133,0.0227249,78,280,2.00134,-100.133,0.00919358,0.0194171,0.00174378,0.0197063,0.00890433,1.40642
324,643,2.11113,100.171,0.024869,87,280,2.11111,-100.171,0.00730296,0.0187798,0.00206015,0.0191384,0.00694436,1.39846
207,652,0.0647609,101.594,0.0246324,-30,271,0.0647583,-101.594,0.0293058,0.0243417,-0.000866881,0.0294528,0.0241946,-0.168007
216,652,0.186756,101.61,0.0247495,-21,271,0.186752,-101.61,0.0280897,0.0239066,-0.000908417,0.0282784,0.0237179,-0.204874
225,652,0.260457,101.605,0.023839,-12,271,0.260452,-101.605,0.0265759,0.023444,-0.000840465,0.0267872,0.0232327,-0.246298
234,652,0.450753,101.536,0.0253886,-3,271,0.45076,-101.536,0.0249154,0.0229737,-0.000697737,0.0251401,0.0227489,-0.311573
243,652,0.764842,101.417,0.0262376,6,271,0.764847,-101.417,0.0232455,0.0225146,-0.000522081,0.0235174,0.0222428,-0.48003
252,652,1.07221,101.16,0.0290498,15,271,1.0722,-101.16,0.0215102,0.0220462,-0.000320268,0.0221958,0.0213606,-1.13379
261,652,1.25884,101.148,0.0327513,24,271,1.25885,-101.148,0.0197208,0.0215698,-9.59129e-05,0.0215748,0.0197158,-1.51911
270,652,1.79095,101.727,0.0319838,33,271,1.79095,-101.727,0.0178887,0.021088,0.000147535,0.0210948,0.0178819,1.52481
279,652,1.83425,101.698,0.0307528,42,271,1.83426,-101.698,0.0160265,0.0206033,0.000406561,0.0206392,0.0159907,1.48288
288,652,1.86092,101.555,0.0286913,51,271,1.86093,-101.555,0.0141479,0.0201175,0.000677565,0.0201935,0.014072,1.45919
297,652,1.9162,100.92,0.02325,60,271,1.9162,-100.92,0.0122675,0.0196318,0.000956825,0.0197541,0.0121452,1.44368
306,652,1.97991,100.69,0.0210937,69,271,1.97992,-100.69,0.0104049,0.0190955,0.00127349,0.0192782,0.0102222,1.42825
315,652,2.00311,100.533,0.0218462,78,271,2.00311,-100.533,0.00849558,0.018582,0.00161522,0.0188343,0.00824323,1.41582
324,652,2.05246,100.562,0.0237548,87,271,2.05246,-100.562,0.00664051,0.0181102,0.00195989,0.0184358,0.00631486,1.40614
207,661,0.108462,101.73,0.0225819,-30,262,0.108459,-101.73,0.030641,0.0222376,-0.00103546,0.0307667,0.0221119,-0.120812
216,661,0.229642,101.74,0.0225968,-21,262,0.229645,-101.74,0.0290447,0.0218957,-0.00106756,0.0292007,0.0217397,-0.145114
225,661,0.324407,101.769,0.0229261,-12,262,0.324402,-101.769,0.0272158,0.0215274,-0.000993228,0.0273843,0.021359,-0.167984
234,661,0.669468,101.723,0.0245279,-3,262,0.669464,-101.723,0.0253022,0.0211499,-0.000848781,0.025469,0.0209831,-0.194047
243,661,1.01059,101.589,0.023604,6,262,1.01059,-101.589,0.0234175,0.0207797,-0.000670988,0.0235784,0.0206189,-0.235312
252,661,1.32118,101.531,0.0246202,15,262,1.32118,-101.531,0.0214922,0.0203969,-0.000467051,0.0216643,0.0202248,-0.353066
261,661,1.67461,101.681,0.0267854,24,262,1.67462,-101.681,0.0195355,0.0200073,-0.000239901,0.0201078,0.019435,-1.17387
270,661,1.82737,101.805,0.0290755,33,262,1.82736,-101.805,0.0175591,0.0196135,7.09503e-06,0.0196135,0.0175591,1.56734
279,661,1.85826,101.763,0.0283889,42,262,1.85828,-101.763,0.0155753,0.0192176,0.000270478,0.0192376,0.0155553,1.49707
288,661,1.84384,101.653,0.028416,51,262,1.84384,-101.653,0.0135974,0.0188215,0.000546681,0.018878,0.0135408,1.46764
297,661,1.83618,101.546,0.0254235,60,262,1.83618,-101.546,0.0116394,0.0184263,0.000832007,0.0185268,0.0115389,1.45058
306,661,1.91244,101.431,0.0232148,69,262,1.91245,-101.431,0.00971833,0.0179935,0.00115576,0.0181519,0.00955994,1.4346
315,661,1.97253,101.457,0.0219245,78,262,1.97253,-101.457,0.00779097,0.0175943,0.00150761,0.0178209,0.00756436,1.4216
324,661,2.02974,101.409,0.0227622,87,262,2.02972,-101.409,0.00598138,0.0172357,0.00186478,0.0175366,0.00568045,1.4108
207,670,0.189348,101.862,0.0211774,-30,253,0.189346,-101.862,0.0318667,0.0206641,-0.0011722,0.0319881,0.0205428,-0.103147
216,670,0.303502,101.83,0.0201647,-21,253,0.303497,-101.83,0.0299175,0.0203376,-0.00118705,0.0300624,0.0201927,-0.121463
225,670,0.631019,101.833,0.0222138,-12,253,0.631012,-101.833,0.0277933,0.0199949,-0.00110099,0.0279458,0.0198424,-0.137599
234,670,1.0051,101.84,0.0234551,-3,253,1.0051,-101.84,0.0256422,0.0196498,-0.000951723,0.0257897,0.0195023,-0.153782
243,670,1.17463,101.734,0.0251497,6,253,1.17464,-101.734,0.0235527,0.0193185,-0.000769795,0.0236883,0.0191829,-0.174374
252,670,1.34512,101.737,0.0239414,15,253,1.34512,-101.737,0.0214452,0.0189769,-0.000562564,0.0215673,0.0188547,-0.21385
270,670,1.80073,101.832,0.0270857,33,253,1.80072,-101.832,0.0172131,0.0182892,-8.31087e-05,0.0182956,0.0172067,-1.49418
279,670,1.8688,101.799,0.0255493,42,253,1.8688,-101.799,0.0151128,0.0179474,0.000182527,0.0179591,0.0151011,1.50675
288,670,1.83448,101.715,0.0270141,51,253,1.83447,-101.715,0.0130405,0.0176089,0.000460843,0.017655,0.0129944,1.47126
297,670,1.7796,101.612,0.0262408,60,253,1.7796,-101.612,0.0110096,0.0172751,0.00074822,0.0173632,0.0109215,1.45357
306,670,1.88324,101.599,0.0230637,69,253,1.88324,-101.599,0.0090361,0.0169158,0.00107384,0.0170595,0.00889238,1.43775
315,670,1.94999,101.611,0.0221214,78,253,1.94998,-101.611,0.00710286,0.0166029,0.00142846,0.0168131,0.00689272,1.42473
324,670,2.02318,101.526,0.0224942,87,253,2.02316,-101.526,0.00535237,0.0163379,0.00178863,0.0166218,0.00506849,1.41339
207,679,0.235701,101.89,0.0209019,-30,244,0.235703,-101.89,0.032911,0.0195611,-0.00130019,0.0330364,0.0194357,-0.0961894
216,679,0.335533,101.844,0.0200285,-21,244,0.335526,-101.844,0.0306359,0.0192181,-0.00128314,0.0307783,0.0190757,-0.110544
225,679,0.780429,101.842,0.0223063,-12,244,0.780426,-101.842,0.0282429,0.0188646,-0.00117527,0.028388,0.0187196,-0.122788
234,679,1.13098,101.853,0.0239697,-3,244,1.13098,-101.853,0.0258806,0.0185132,-0.00101486,0.0260179,0.0183759,-0.134415
243,679,1.2436,101.809,0.02469,6,244,1.24361,-101.809,0.023608,0.0181843,-0.000824852,0.0237306,0.0180616,-0.147638
252,679,1.28242,101.76,0.0244156,15,244,1.28242,-101.76,0.0213384,0.0178482,-0.000612121,0.0214426,0.0177439,-0.16868
261,679,1.42072,101.76,0.0245281,24,244,1.42072,-101.76,0.0190796,0.0175137,-0.000378958,0.0191665,0.0174268,-0.225386
270,679,1.7951,101.875,0.028269,33,244,1.7951,-101.875,0.0168438,0.0171834,-0.000128361,0.0172265,0.0168008,-1.24714
279,679,1.89253,101.835,0.0244594,42,244,1.89252,-101.835,0.0146435,0.0168597,0.000136568,0.016868,0.0146351,1.50948
288,679,1.88773,101.79,0.0253244,51,244,1.88773,-101.79,0.0124917,0.0165443,0.000412603,0.0165859,0.0124501,1.47036
297,679,1.8291,101.738,0.0249666,60,244,1.8291,-101.737,0.0104018,0.0162389,0.000696381,0.0163209,0.0103198,1.45368
306,679,1.91892,101.779,0.0228144,69,244,1.91891,-101.779,0.00839083,0.0159171,0.00101597,0.0160518,0.00825609,1.43895
315,679,1.97082,101.749,0.0221039,78,244,1.97083,-101.749,0.00646996,0.0156552,0.00136184,0.0158529,0.0062723,1.42666
324,679,2.06764,101.703,0.0242691,87,244,2.06763,-101.703,0.0047954,0.0154537,0.00171006,0.0157214,0.00452776,1.41554
207,688,0.128623,101.86,0.0247988,-30,235,0.128616,-101.86,0.0337391,0.0187883,-0.00145129,0.0338787,0.0186488,-0.0958782
216,688,0.21721,101.87,0.0228928,-21,235,0.217209,-101.87,0.0311574,0.0184336,-0.00137708,0.0313048,0.0182862,-0.106584
225,688,0.775925,101.866,0.0231883,-12,235,0.775925,-101.866,0.0285202,0.0180686,-0.00122894,0.0286627,0.0179261,-0.115486
234,688,1.25663,101.892,0.0245424,-3,235,1.25662,-101.892,0.025974,0.0177052,-0.00104444,0.0261039,0.0175753,-0.123722
243,688,1.34152,101.871,0.0240051,6,235,1.34152,-101.871,0.0235423,0.0173718,-0.000836503,0.0236537,0.0172604,-0.132382
252,688,1.40077,101.838,0.0241605,15,235,1.40077,-101.838,0.0211346,0.0170341,-0.000610459,0.0212235,0.0169451,-0.144696
261,688,1.5908,101.844,0.0240474,24,235,1.59079,-101.844,0.0187584,0.0167002,-0.00036846,0.0188223,0.0166363,-0.171917
270,688,1.85421,101.929,0.0283831,33,235,1.85422,-101.929,0.0164257,0.0163732,-0.000113286,0.0165157,0.0162832,-0.67165
279,688,1.928,101.917,0.025548,42,235,1.92801,-101.917,0.0141488,0.0160557,0.000152198,0.0160677,0.0141367,1.49165
288,688,1.96236,101.904,0.0248041,51,235,1.96237,-101.904,0.0119404,0.0157498,0.000425019,0.0157966,0.0118935,1.46102
297,688,1.93887,101.885,0.024438,60,235,1.93887,-101.885,0.00981324,0.0154576,0.000702083,0.0155436,0.00972722,1.44888
306,688,1.97186,101.866,0.0230923,69,235,1.97186,-101.866,0.00779158,0.0151534,0.00100892,0.0152892,0.00765582,1.43703
315,688,2.02274,101.826,0.021441,78,235,2.02274,-101.826,0.00591232,0.0149176,0.00133381,0.015111,0.00571892,1.4268
324,688,2.40255,101.741,0.0253056,87,235,2.40256,-101.741,0.00434085,0.0147515,0.00165147,0.0150072,0.00408515,1.41719
207,697,0.0311675,101.876,0.0278436,-30,226,0.0311737,-101.876,0.0342643,0.0182969,-0.00160388,0.0344238,0.0181374,-0.0991275
216,697,0.121403,101.916,0.0257061,-21,226,0.121399,-101.916,0.0314219,0.0179224,-0.00145881,0.0315778,0.0177666,-0.106427
225,697,0.383227,101.912,0.025663,-12,226,0.383224,-101.912,0.0285845,0.0175395,-0.0012602,0.0287265,0.0173975,-0.112176
243,697,1.46816,101.906,0.0249605,6,226,1.46815,-101.906,0.023341,0.0168153,-0.000812757,0.0234407,0.0167156,-0.122063
252,697,1.58504,101.883,0.0234109,15,226,1.58504,-101.883,0.0208289,0.016471,-0.000569083,0.0209019,0.0163979,-0.127734
261,697,1.75536,101.905,0.0236346,24,226,1.75537,-101.905,0.0183676,0.016133,-0.000315295,0.0184113,0.0160894,-0.137519
270,697,1.95384,101.974,0.0284343,33,226,1.95383,-101.974,0.015969,0.0158046,-5.39498e-05,0.0159851,0.0157885,-0.290411
279,697,1.98467,101.971,0.0273996,42,226,1.98468,-101.971,0.0136449,0.0154887,0.000212335,0.0155129,0.0136208,1.45761
288,697,2.00587,101.96,0.0233926,51,226,2.00586,-101.96,0.0114076,0.0151881,0.000480862,0.0152483,0.0113474,1.44624
297,697,1.99747,101.942,0.0195623,60,226,1.99747,-101.942,0.00926932,0.0149049,0.000748842,0.0150027,0.00917151,1.44092
306,697,2.01081,101.938,0.0177562,69,226,2.0108,-101.938,0.00726678,0.0146156,0.00103808,0.0147594,0.00712296,1.43313
315,697,2.04909,101.906,0.018693,78,226,2.0491,-101.906,0.0054592,0.0144022,0.00133343,0.0145968,0.00526461,1.42589
324,697,2.65506,101.807,0.0247566,87,226,2.65506,-101.807,0.0040176,0.0142697,0.00160813,0.014516,0.00377127,1.4188
207,706,0.00114378,101.952,0.0303269,-30,217,0.00114441,-101.952,0.0345558,0.0177842,-0.0017505,0.0347366,0.0176035,-0.102895
216,706,0.127416,101.965,0.0278782,-21,217,0.127411,-101.965,0.0314777,0.0174182,-0.00153416,0.0316432,0.0172528,-0.107434
225,706,0.519415,101.96,0.0286302,-12,217,0.519409,-101.96,0.0284685,0.0170498,-0.00128404,0.0286111,0.0169072,-0.11061
234,706,1.43187,101.936,0.0290701,-3,217,1.43187,-101.936,0.0256714,0.0166864,-0.00103612,0.0257894,0.0165685,-0.113334
243,706,1.62454,101.931,0.0261931,6,217,1.62454,-101.931,0.0230202,0.0163679,-0.000779476,0.0231104,0.0162778,-0.115097
252,706,1.70251,101.921,0.0228377,15,217,1.70251,-101.921,0.0204297,0.0160551,-0.000516068,0.0204897,0.015995,-0.11585
261,706,1.86933,101.95,0.0246586,24,217,1.86932,-101.95,0.0179093,0.0157523,-0.000248016,0.0179374,0.0157242,-0.11302
270,706,2.03769,101.992,0.0305339,33,217,2.03769,-101.992,0.0154703,0.0154631,2.23725e-05,0.0154894,0.0154441,0.70593
279,706,2.0372,101.983,0.0296394,42,217,2.0372,-101.983,0.0131242,0.0151906,0.000292737,0.0152313,0.0130835,1.43275
288,706,2.02807,101.979,0.0242569,51,217,2.02808,-101.979,0.0108825,0.0149378,0.000560649,0.0150139,0.0108065,1.43592
297,706,1.99486,101.967,0.0181634,60,217,1.99487,-101.967,0.00875717,0.0147076,0.000823602,0.0148195,0.00864528,1.43577
306,706,2.00631,101.974,0.0165413,69,217,2.00632,-101.974,0.0068057,0.0144878,0.00109894,0.0146419,0.00665158,1.43147
315,706,2.03678,101.959,0.0185674,78,217,2.03677,-101.959,0.00511261,0.0143424,0.00136879,0.0145411,0.00491389,1.42663
324,706,2.59521,101.881,0.024237,87,217,2.59521,-101.881,0.00384722,0.0142889,0.001605,0.01453,0.00360609,1.42167
207,715,0.139029,102.107,0.0297246,-30,208,0.139023,-102.107,0.0345236,0.0174424,-0.00188326,0.0347288,0.0172372,-0.108517
216,715,0.28709,102.042,0.0279019,-21,208,0.287094,-102.042,0.0312711,0.0170776,-0.00158594,0.0314461,0.0169026,-0.109931
225,715,0.712206,102.026,0.0275989,-12,208,0.712204,-102.026,0.028144,0.0167157,-0.00127777,0.0282851,0.0165746,-0.109998
234,715,1.56169,101.985,0.0276292,-3,208,1.56169,-101.984,0.0252858,0.0163621,-0.000994107,0.0253952,0.0162527,-0.109611
243,715,1.69783,101.985,0.0260926,6,208,1.69783,-101.985,0.0225789,0.016058,-0.000710167,0.0226554,0.0159815,-0.107231
252,715,1.80346,101.992,0.0249931,15,208,1.80347,-101.992,0.0199482,0.0157634,-0.000426533,0.0199912,0.0157203,-0.100546
261,715,1.95587,102.033,0.0288715,24,208,1.95587,-102.033,0.0174045,0.0154819,-0.000145263,0.0174154,0.015471,-0.0749883
270,715,2.08255,102.02,0.0340835,33,208,2.08255,-102.02,0.0149588,0.0152172,0.000131593,0.0152724,0.0149036,1.17352
279,715,2.05554,101.966,0.0296271,42,208,2.05554,-101.966,0.012622,0.0149727,0.000401971,0.0150395,0.0125552,1.40603
288,715,2.0315,101.953,0.0249056,51,208,2.03149,-101.953,0.0104053,0.0147519,0.000663777,0.014851,0.0103062,1.42258
297,715,2.00622,101.971,0.0198564,60,208,2.00623,-101.971,0.00831988,0.014558,0.000914873,0.0146895,0.00818848,1.42814
306,715,2.00584,102.007,0.0182634,69,208,2.00583,-102.007,0.0064473,0.0143917,0.00116546,0.0145592,0.00627986,1.4281
315,715,2.01491,102.003,0.018085,78,208,2.01492,-102.003,0.0048909,0.014299,0.0013936,0.0145011,0.00468881,1.42679
207,724,0.284836,102.222,0.0288257,-30,199,0.284836,-102.222,0.0341222,0.0172438,-0.00198903,0.0343534,0.0170125,-0.115733
216,724,0.464221,102.142,0.0272721,-21,199,0.464218,-102.142,0.0307573,0.016864,-0.00161234,0.030942,0.0166794,-0.114032
225,724,1.04659,102.105,0.0272917,-12,199,1.04659,-102.105,0.0275783,0.0164989,-0.00124853,0.0277173,0.01636,-0.110837
234,724,1.51838,102.075,0.0267557,-3,199,1.51837,-102.075,0.0247059,0.0161447,-0.000930618,0.0248059,0.0160447,-0.107036
243,724,1.65861,102.077,0.025355,6,199,1.6586,-102.077,0.0219848,0.0158415,-0.000620635,0.0220468,0.0157795,-0.0996855
252,724,1.79983,102.094,0.0250049,15,199,1.79984,-102.094,0.019354,0.0155505,-0.000318201,0.0193804,0.0155241,-0.0828943
261,724,1.94225,102.12,0.0316226,24,199,1.94226,-102.12,0.0168239,0.0152752,-2.5206e-05,0.0168243,0.0152748,-0.0162697
270,724,2.04811,102.05,0.0328556,33,199,2.0481,-102.05,0.014405,0.0150189,0.000256476,0.0151119,0.0143119,1.22276
279,724,2.06351,101.996,0.0271176,42,199,2.06351,-101.996,0.0121077,0.014785,0.000524961,0.0148842,0.0120085,1.38393
288,724,2.03533,101.988,0.0231651,51,199,2.03534,-101.988,0.00994275,0.0145769,0.000778332,0.0147041,0.00981552,1.40876
297,724,2.00683,102.003,0.0186489,60,199,2.00684,-102.003,0.00792084,0.014398,0.00101463,0.0145532,0.00776562,1.41899
306,724,1.99966,102.03,0.0187722,69,199,1.99966,-102.03,0.00614867,0.0142591,0.00123574,0.0144432,0.00596457,1.4229
315,724,2.00713,102.029,0.0183254,78,199,2.00714,-102.029,0.00474187,0.0141886,0.00141488,0.014396,0.00453451,1.42527
207,733,0.365319,102.359,0.0288295,-30,190,0.365326,-102.359,0.0335418,0.0169491,-0.00208688,0.0338003,0.0166906,-0.123214
216,733,0.526252,102.262,0.0265178,-21,190,0.526245,-102.262,0.0300927,0.0165867,-0.00162983,0.0302866,0.0163928,-0.118411
225,733,1.0258,102.233,0.0240712,-12,190,1.0258,-102.233,0.0268931,0.0162439,-0.00121049,0.0270289,0.016108,-0.11177
234,733,1.41971,102.176,0.0230603,-3,190,1.41971,-102.176,0.0240332,0.0159138,-0.000858394,0.024123,0.0158241,-0.104187
243,733,1.5963,102.157,0.0225569,6,190,1.5963,-102.157,0.0213231,0.0156299,-0.000522537,0.0213706,0.0155823,-0.0907717
252,733,1.76246,102.172,0.0234017,15,190,1.76245,-102.172,0.0187172,0.0153588,-0.000201723,0.0187293,0.0153467,-0.0597782
261,733,1.89559,102.189,0.0310545,24,190,1.8956,-102.189,0.0162255,0.0151041,0.000102243,0.0162347,0.0150949,0.0901862
270,733,1.99833,102.117,0.0289888,33,190,1.99832,-102.117,0.0138576,0.0148691,0.000387578,0.0150006,0.0137261,1.24387
279,733,2.03476,102.035,0.0243759,42,190,2.03476,-102.035,0.0116234,0.0146574,0.000652499,0.0147918,0.011489,1.36769
288,733,2.01552,102.005,0.0234634,51,190,2.0155,-102.005,0.00953304,0.0144723,0.000895205,0.0146295,0.0093758,1.39692
297,733,2.00255,102.028,0.0202918,60,190,2.00253,-102.028,0.00759664,0.0143174,0.00111387,0.0144972,0.00741684,1.41076
306,733,1.99303,102.057,0.0193232,69,190,1.99304,-102.057,0.00595497,0.0142079,0.00129878,0.0144074,0.0057554,1.41833
315,733,2.01201,102.053,0.0178291,78,190,2.01202,-102.053,0.00471631,0.0141718,0.00142191,0.014381,0.00450711,1.42472
207,742,0.202098,102.57,0.0290142,-30,181,0.202103,-102.57,0.0326216,0.0167021,-0.00214475,0.0329055,0.0164182,-0.1316
216,742,0.498707,102.356,0.0258275,-21,181,0.498703,-102.356,0.0291557,0.0163729,-0.00161324,0.0293562,0.0161725,-0.123622
225,742,1.07203,102.281,0.0236807,-12,181,1.07204,-102.281,0.0259976,0.0160638,-0.00114437,0.0261277,0.0159337,-0.113225
234,742,1.44349,102.23,0.0226491,-3,181,1.4435,-102.23,0.0231967,0.0157698,-0.000761803,0.023274,0.0156925,-0.10117
243,742,1.62944,102.216,0.0215086,6,181,1.62944,-102.216,0.0205425,0.0155115,-0.000403832,0.0205747,0.0154792,-0.0795889
252,742,1.75262,102.213,0.0220087,15,181,1.75262,-102.213,0.0180041,0.0152659,-6.83671e-05,0.0180058,0.0152642,-0.0249479
261,742,1.85051,102.184,0.029722,24,181,1.85052,-102.184,0.0155905,0.0150363,0.000242749,0.0156818,0.014945,0.359711
270,742,1.97861,102.088,0.0280514,33,181,1.97861,-102.088,0.013311,0.0148257,0.000527703,0.0149914,0.0131453,1.26651
279,742,2.00696,101.98,0.025206,42,181,2.00696,-101.98,0.0111747,0.0146371,0.000784692,0.0148067,0.0110052,1.35801
288,742,1.98683,102.049,0.0246641,51,181,1.98685,-102.049,0.00919089,0.0144739,0.00101191,0.0146611,0.0090037,1.38788
297,742,1.96522,102.07,0.020784,60,181,1.96521,-102.07,0.00736894,0.0143392,0.00120758,0.0145425,0.00716566,1.40402
306,742,1.98047,102.085,0.0179307,69,181,1.98047,-102.085,0.00588303,0.0142519,0.00134836,0.0144638,0.00567115,1.41493
315,742,2.01135,102.075,0.0182422,78,181,2.01135,-102.075,0.00482996,0.0142373,0.00140538,0.0144428,0.0046245,1.42563
207,751,0.137667,102.983,0.0316463,-30,172,0.137665,-102.983,0.0313844,0.0164947,-0.00216363,0.0316925,0.0161867,-0.141415
216,751,0.493298,102.517,0.0303758,-21,172,0.493301,-102.517,0.0279684,0.0161915,-0.00157012,0.0281741,0.0159857,-0.13029
225,751,0.96133,102.429,0.0262397,-12,172,0.961334,-102.429,0.0249127,0.0159101,-0.00106303,0.0250366,0.0157863,-0.115956
234,751,1.46872,102.313,0.0235813,-3,172,1.46872,-102.313,0.0222165,0.0156495,-0.000657551,0.0222817,0.0155843,-0.0988214
243,751,1.69598,102.304,0.0223458,6,172,1.69598,-102.304,0.0196629,0.0154127,-0.000284229,0.0196819,0.0153937,-0.0664785
252,751,1.81261,102.287,0.0238521,15,172,1.81261,-102.287,0.0172333,0.0151886,5.97213e-05,0.017235,0.0151869,0.0291749
261,751,1.86633,102.241,0.0281465,24,172,1.86633,-102.241,0.014936,0.0149804,0.000372498,0.0153314,0.014585,0.815126
270,751,1.97352,102.146,0.0319298,33,172,1.97351,-102.146,0.0127796,0.0147911,0.000652331,0.0149841,0.0125865,1.2831
279,751,1.99835,102.056,0.0276542,42,172,1.99835,-102.056,0.0107724,0.014624,0.000897464,0.0148228,0.0105736,1.35274
288,751,1.98179,102.056,0.0244113,51,172,1.98178,-102.056,0.00892326,0.0144823,0.00110615,0.0146943,0.00871124,1.38142
297,751,1.96755,102.071,0.0224162,60,172,1.96756,-102.071,0.00724066,0.0143695,0.00127664,0.0145912,0.00701893,1.39883
306,751,1.99439,102.107,0.0189915,69,172,1.99438,-102.107,0.00593038,0.0143089,0.00137109,0.0145276,0.00571172,1.41265
315,751,2.04756,102.13,0.0185582,78,172,2.04758,-102.13,0.00507559,0.0143244,0.00136127,0.0145206,0.0048794,1.42766
207,760,0.256014,103.485,0.0325481,-30,163,0.256012,-103.485,0.0298678,0.0162269,-0.00216217,0.0302023,0.0158924,-0.153496
216,760,0.69885,103.012,0.0313837,-21,163,0.698853,-103.012,0.0265646,0.0159813,-0.00151826,0.0267781,0.0157678,-0.139706
225,760,1.24574,102.995,0.028333,-12,163,1.24574,-102.995,0.0236671,0.0157552,-0.000980986,0.0237869,0.0156353,-0.121537
234,760,1.56769,102.748,0.0249757,-3,163,1.56769,-102.748,0.0211166,0.0155493,-0.000556592,0.0211717,0.0154942,-0.0986731
243,760,1.70411,102.726,0.0273709,6,163,1.7041,-102.726,0.0187049,0.0153545,-0.000170287,0.0187135,0.0153459,-0.0506526
270,760,1.98631,102.199,0.0354578,33,163,1.9863,-102.199,0.0122755,0.0148482,0.000770564,0.0150613,0.0120623,1.30095
279,760,2.00432,102.028,0.0370239,42,163,2.0043,-102.028,0.0104268,0.0147159,0.00100551,0.0149399,0.0102028,1.35158
288,760,1.9827,102.083,0.030229,51,163,1.9827,-102.083,0.00873857,0.0146073,0.00119818,0.0148425,0.00850337,1.37696
297,760,1.96651,102.123,0.0250088,60,163,1.96652,-102.123,0.00721858,0.0145257,0.00134683,0.014766,0.00697824,1.39421
306,760,2.00792,102.155,0.020808,69,163,2.0079,-102.155,0.00610162,0.0144967,0.00139928,0.0147238,0.00587453,1.40991
315,760,2.0994,102.179,0.019574,78,163,2.0994,-102.179,0.00545486,0.0145415,0.00132856,0.0147317,0.0052646,1.42855
207,769,0.612584,103.633,0.0307115,-30,154,0.612579,-103.633,0.0281211,0.0158948,-0.00215054,0.0284884,0.0155275,-0.169133
216,769,0.927541,103.551,0.0303165,-21,154,0.927536,-103.551,0.0249822,0.0157402,-0.00147173,0.0252109,0.0155115,-0.154165
225,769,1.4838,103.489,0.0299722,-12,154,1.4838,-103.489,0.0222877,0.015599,-0.000913364,0.0224102,0.0154765,-0.133301
234,769,1.61077,103.29,0.0290177,-3,154,1.61076,-103.29,0.0199182,0.0154707,-0.000474129,0.0199682,0.0154208,-0.105033
243,769,1.68818,103.224,0.0280088,6,154,1.68819,-103.224,0.0176845,0.0153428,-7.63276e-05,0.017687,0.0153403,-0.0325488
252,769,1.79342,103.091,0.0281202,15,154,1.79341,-103.091,0.0155831,0.0152226,0.000282442,0.0157379,0.0150678,0.501385
261,769,1.86514,102.874,0.0300898,24,154,1.86514,-102.874,0.0136208,0.015113,0.000600249,0.0153245,0.0134094,1.23205
288,769,2.00577,102.195,0.0253609,51,154,2.00577,-102.195,0.00863717,0.014877,0.00128916,0.0151328,0.00838132,1.37488
297,769,1.9902,102.208,0.0245736,60,154,1.9902,-102.208,0.00730018,0.0148396,0.00142448,0.0150998,0.00704002,1.39015
306,769,2.04822,102.209,0.0212513,69,154,2.04822,-102.209,0.0063904,0.0148491,0.00144698,0.0150898,0.00614973,1.40597
315,769,2.20806,102.196,0.0209678,78,154,2.20807,-102.196,0.00595537,0.0149225,0.00133151,0.015116,0.00576183,1.42646
207,778,1.01447,103.707,0.0286811,-30,145,1.01447,-103.707,0.0262059,0.0155271,-0.00212798,0.0266143,0.0151186,-0.189625
216,778,1.53662,103.762,0.0300802,-21,145,1.53662,-103.762,0.0232771,0.0154842,-0.00142882,0.0235309,0.0152305,-0.175735
225,778,1.71392,103.803,0.0328474,-12,145,1.71391,-103.803,0.0208223,0.0154452,-0.000857315,0.0209557,0.0153119,-0.154341
234,778,1.76128,103.811,0.0311619,-3,145,1.76128,-103.811,0.0186625,0.0154085,-0.000406756,0.0187126,0.0153584,-0.12249
243,778,1.7808,103.746,0.0281538,6,145,1.78079,-103.746,0.0166353,0.0153656,1.50776e-06,0.0166353,0.0153656,0.00118751
252,778,1.79122,103.626,0.027921,15,145,1.79123,-103.625,0.0147411,0.0153271,0.000368761,0.0155051,0.0145631,1.12112
261,778,1.86396,103.547,0.0274202,24,145,1.86395,-103.547,0.0129859,0.0152956,0.00069291,0.0154875,0.0127939,1.30059
270,778,2.01363,103.393,0.0289498,33,145,2.01364,-103.393,0.0113757,0.0152736,0.000971914,0.0155025,0.0111468,1.3395
279,778,2.04301,102.822,0.0280587,42,145,2.043,-102.822,0.00991679,0.015264,0.00120376,0.0155225,0.0096583,1.35927
288,778,2.0595,102.433,0.0248022,51,145,2.05951,-102.433,0.0086153,0.0152697,0.00138644,0.015547,0.008338,1.37339
297,778,2.00801,102.418,0.0264197,60,145,2.008,-102.418,0.00747749,0.0152938,0.00151799,0.0155782,0.00719303,1.38555
306,778,2.09989,102.339,0.0214781,69,145,2.09988,-102.339,0.00678688,0.0153581,0.00152466,0.0156212,0.00652374,1.3999
315,778,2.32421,102.249,0.0229019,78,145,2.32422,-102.249,0.00657185,0.0154756,0.00138267,0.0156854,0.00636208,1.42023
207,787,1.30972,103.705,0.0296172,-30,136,1.30972,-103.705,0.0241908,0.0151711,-0.00208444,0.0246492,0.0147127,-0.216477
216,787,1.78107,103.787,0.0325649,-21,136,1.78107,-103.787,0.0215027,0.015248,-0.00138446,0.0217954,0.0149552,-0.208381
225,787,1.84333,103.859,0.0314026,-12,136,1.84332,-103.859,0.0193101,0.015316,-0.000810867,0.0194685,0.0151577,-0.192848
234,787,1.84611,103.873,0.0291045,-3,136,1.84612,-103.873,0.0173805,0.0153764,-0.000354838,0.0174415,0.0153155,-0.170169
243,787,1.83689,103.833,0.0279853,6,136,1.83688,-103.833,0.0155807,0.0154287,6.08981e-05,0.0156021,0.0154073,0.337835
252,787,1.84077,103.737,0.0246476,15,136,1.84077,-103.737,0.0139133,0.0154824,0.000436115,0.0155954,0.0138002,1.31712
261,787,1.88511,103.608,0.0232948,24,136,1.8851,-103.608,0.0123834,0.0155395,0.000768501,0.0157167,0.0122062,1.3442
270,787,2.00994,103.406,0.0270829,33,136,2.00995,-103.406,0.0109962,0.0156023,0.0010558,0.0158328,0.0107657,1.35587
279,787,2.06175,102.957,0.0296499,42,136,2.06174,-102.957,0.00975717,0.0156732,0.00129579,0.0159446,0.0094858,1.36436
288,787,2.09821,102.67,0.0263384,51,136,2.09821,-102.67,0.00867167,0.0157549,0.00148627,0.0160541,0.00837245,1.37213
297,787,2.0358,102.595,0.0274934,60,136,2.0358,-102.595,0.00774515,0.0158501,0.0016251,0.0161638,0.00743144,1.38011
306,787,2.17364,102.642,0.0218814,69,136,2.17365,-102.642,0.00728119,0.0159775,0.00163408,0.0162745,0.00698427,1.39106
315,787,2.59982,102.536,0.0252487,78,136,2.59982,-102.536,0.00728818,0.0161453,0.00149018,0.0163893,0.00704418,1.4085
207,796,1.60983,103.791,0.0324219,-30,127,1.60983,-103.791,0.0221566,0.0148492,-0.00201561,0.0226757,0.0143301,-0.252058
216,796,1.85855,103.852,0.0316381,-21,127,1.85855,-103.852,0.0197292,0.0150375,-0.00133631,0.0200831,0.0146835,-0.2589
225,796,1.93817,103.896,0.0289762,-12,127,1.93817,-103.896,0.0178107,0.0152029,-0.000772832,0.0180225,0.0149911,-0.267518
234,796,1.89615,103.889,0.0272856,-3,127,1.89615,-103.889,0.0161239,0.0153575,-0.000318319,0.0162389,0.0152425,-0.346575
243,796,1.85125,103.827,0.0257857,6,127,1.85124,-103.827,0.0145641,0.0155062,0.000100655,0.0155169,0.0145535,1.46554
252,796,1.86299,103.735,0.0259732,15,127,1.86299,-103.735,0.0131344,0.0156545,0.000482359,0.0157436,0.0130453,1.38799
261,796,1.88832,103.675,0.0244041,24,127,1.88831,-103.675,0.0118392,0.0158036,0.000824216,0.0159681,0.0116746,1.37377
270,796,1.95034,103.532,0.023183,33,127,1.95035,-103.532,0.0106826,0.0159553,0.00112372,0.0161848,0.0104531,1.36933
279,796,2.05168,103.351,0.0282191,42,127,2.05167,-103.351,0.00966939,0.0161114,0.00137839,0.0163939,0.00938685,1.36862
288,796,2.09113,103.034,0.0276056,51,127,2.09113,-103.034,0.00880408,0.016274,0.00158581,0.0165967,0.00848136,1.37004
297,796,2.08739,102.929,0.0261839,60,127,2.0874,-102.929,0.00809134,0.0164454,0.0017436,0.0167947,0.00774203,1.37308
306,796,2.27423,103.062,0.0220107,69,127,2.27423,-103.062,0.00784912,0.0166421,0.0017759,0.0169873,0.00750399,1.37885
315,796,2.77231,103.062,0.0297103,78,127,2.77231,-103.062,0.00806484,0.0168663,0.00165955,0.0171688,0.00776232,1.39049
207,805,1.61662,103.874,0.0321306,-30,118,1.61662,-103.874,0.0201544,0.0146508,-0.00191024,0.0207524,0.0140528,-0.303404
216,805,1.77408,103.891,0.031049,-21,118,1.77408,-103.891,0.017991,0.0149254,-0.00127232,0.0184503,0.0144661,-0.346398
225,805,1.90939,103.902,0.0281204,-12,118,1.90939,-103.902,0.0163445,0.0151609,-0.000731141,0.0166933,0.0148121,-0.445169
234,805,1.8653,103.864,0.0258724,-3,118,1.8653,-103.864,0.0149035,0.0153904,-0.000285723,0.0155224,0.0147716,-1.13825
243,805,1.88141,103.822,0.0292599,6,118,1.88141,-103.822,0.0135879,0.0156183,0.000130976,0.0156267,0.0135795,1.50664
252,805,1.8698,103.784,0.0279607,15,118,1.8698,-103.784,0.0124008,0.0158451,0.00051607,0.0159207,0.0123251,1.42522
261,805,1.91173,103.74,0.024129,24,118,1.91174,-103.74,0.0113456,0.0160716,0.000866751,0.0162256,0.0111917,1.39502
270,805,1.91346,103.701,0.0209919,33,118,1.91345,-103.701,0.0104259,0.0162992,0.00118028,0.0165275,0.0101976,1.37972
279,805,1.99288,103.595,0.0222223,42,118,1.99289,-103.595,0.00964543,0.0165291,0.00145396,0.0168236,0.00935093,1.37095
288,805,2.09442,103.419,0.0231336,51,118,2.09442,-103.419,0.00900797,0.0167629,0.00168514,0.0171132,0.00865761,1.36581
297,805,2.20487,103.369,0.0222653,60,118,2.20486,-103.369,0.00851727,0.0170025,0.00187124,0.0173968,0.00812293,1.3631
306,805,2.30014,103.444,0.0229951,69,118,2.30014,-103.444,0.00850623,0.0172624,0.00194515,0.017675,0.00809357,1.36175
315,805,2.9269,103.258,0.0286305,78,118,2.92691,-103.258,0.00894283,0.0175392,0.00188194,0.0179331,0.00854889,1.36444
207,814,1.54592,103.916,0.0293876,-30,109,1.54591,-103.916,0.0182581,0.0145431,-0.00177751,0.0189716,0.0138296,-0.381696
216,814,1.66975,103.932,0.0287675,-21,109,1.66975,-103.932,0.0163477,0.0148739,-0.00120002,0.017019,0.0142026,-0.510049
225,814,1.79211,103.918,0.0270061,-12,109,1.79211,-103.918,0.0149605,0.0151507,-0.000692364,0.0157545,0.0143567,-0.853659
234,814,1.91979,103.911,0.0291087,-3,109,1.9198,-103.911,0.013759,0.0154356,-0.000263018,0.0154759,0.0137188,-1.41878
243,814,1.91915,103.879,0.0250533,6,109,1.91914,-103.879,0.0126827,0.0157193,0.000145607,0.0157262,0.0126758,1.52299
252,814,1.8855,103.836,0.0239057,15,109,1.8855,-103.836,0.0117342,0.0160017,0.000530515,0.0160667,0.0116692,1.44895
261,814,1.92529,103.798,0.0225273,24,109,1.92529,-103.798,0.0109161,0.0162832,0.000888789,0.0164266,0.0107728,1.41088
270,814,1.9518,103.796,0.0194154,33,109,1.95181,-103.796,0.0102314,0.0165643,0.00121759,0.0167903,0.0100053,1.38725
279,814,2.0459,103.75,0.019635,42,109,2.0459,-103.75,0.00968298,0.0168456,0.00151413,0.0171525,0.00937605,1.3708
288,814,2.14068,103.707,0.0222881,51,109,2.14069,-103.707,0.00927394,0.017128,0.0017757,0.0175108,0.00889114,1.35847
297,814,2.20645,103.659,0.021962,60,109,2.20645,-103.659,0.0090072,0.0174127,0.00199963,0.0178642,0.00855574,1.34875
306,814,2.2681,103.648,0.0205772,69,109,2.2681,-103.648,0.00922884,0.0177108,0.00213474,0.0182177,0.00872187,1.33763
207,823,1.45289,103.967,0.0251243,-30,100,1.4529,-103.967,0.0164921,0.0144695,-0.00162331,0.0173933,0.0135682,-0.506818
216,823,1.63617,103.959,0.0243779,-21,100,1.63617,-103.959,0.0148438,0.0148361,-0.00111532,0.0159553,0.0137246,-0.78369
225,823,1.84088,103.957,0.0276299,-12,100,1.84088,-103.957,0.0136986,0.0151343,-0.000650407,0.0153851,0.0134478,-1.20272
234,823,2.0155,103.941,0.0344189,-3,100,2.0155,-103.941,0.0127243,0.0154578,-0.000244349,0.0154795,0.0127026,-1.48234
243,823,1.97845,103.924,0.027142,6,100,1.97845,-103.924,0.0118733,0.0157814,0.000150033,0.0157872,0.0118676,1.53248
252,823,1.88282,103.846,0.0320703,15,100,1.88283,-103.846,0.0111479,0.0161045,0.000529677,0.0161605,0.0110919,1.46552
261,823,1.91226,103.857,0.0215682,24,100,1.91226,-103.857,0.0105501,0.0164267,0.000891568,0.016559,0.0104178,1.4235
270,823,2.02546,103.882,0.0172994,33,100,2.02545,-103.882,0.0100822,0.0167477,0.00123275,0.0169684,0.00986154,1.39365
279,823,2.12251,103.872,0.0195729,42,100,2.1225,-103.872,0.00974681,0.0170675,0.00155034,0.0173823,0.00943202,1.37048
288,823,2.16703,103.88,0.0206499,51,100,2.16702,-103.88,0.00954628,0.0173862,0.00184148,0.0177972,0.00913529,1.35121
297,823,2.17694,103.858,0.019849,60,100,2.17694,-103.858,0.00948301,0.0177041,0.0021034,0.0182111,0.0089761,1.33431
306,823,2.23418,103.822,0.020563,69,100,2.23419,-103.822,0.00991552,0.0180305,0.00230386,0.0186389,0.00930707,1.31259
207,832,1.48509,104.083,0.0256481,-30,91,1.48509,-104.083,0.0148945,0.0144739,-0.00146085,0.0161601,0.0132083,-0.713908
216,832,1.67328,104.009,0.0214509,-21,91,1.67328,-104.009,0.013496,0.0148565,-0.00103047,0.015411,0.0129415,-1.07713
225,832,1.8311,103.996,0.0245491,-12,91,1.8311,-103.996,0.0125753,0.0151591,-0.0006127,0.015297,0.0124374,-1.34937
234,832,1.95749,103.994,0.0296917,-3,91,1.95749,-103.994,0.0118137,0.0155036,-0.000232974,0.0155182,0.0117991,-1.50799
243,832,2.00554,103.954,0.0262324,6,91,2.00554,-103.954,0.011173,0.015849,0.00014507,0.0158535,0.0111685,1.53981
252,832,1.93258,103.915,0.0231157,15,91,1.93259,-103.915,0.010655,0.0161944,0.0005184,0.0162425,0.0106069,1.47828
261,832,1.98577,103.935,0.0167059,24,91,1.98578,-103.935,0.0102616,0.016539,0.000884017,0.0166611,0.0101395,1.43353
270,832,2.07773,103.944,0.0175931,33,91,2.07773,-103.944,0.00999478,0.016882,0.00123898,0.0170981,0.00977867,1.39811
279,832,2.16953,103.928,0.0218612,42,91,2.16953,-103.929,0.00985663,0.0172226,0.00158039,0.0175473,0.00953187,1.36812
288,832,2.19122,103.928,0.021823,51,91,2.19122,-103.928,0.0098492,0.0175604,0.00190542,0.0180055,0.00940407,1.3413
297,832,2.19117,103.919,0.0224032,60,91,2.19116,-103.919,0.0099744,0.0178951,0.00221129,0.0184707,0.00939887,1.31618
306,832,2.28752,103.923,0.0251038,69,91,2.28751,-103.923,0.0106024,0.0182326,0.0024899,0.0189732,0.00986179,1.28168
207,841,1.41948,104.179,0.0280258,-30,82,1.41948,-104.179,0.0134389,0.0145199,-0.00128661,0.0153749,0.0125839,-0.984265
216,841,1.70733,104.064,0.0222961,-21,82,1.70734,-104.064,0.0122925,0.0148952,-0.00093989,0.0151991,0.0119886,-1.25805
225,841,1.84293,104.023,0.020755,-12,82,1.84293,-104.023,0.011589,0.0151894,-0.000572408,0.0152782,0.0115002,-1.41687
234,841,1.91278,104.025,0.0218383,-3,82,1.91278,-104.025,0.0110347,0.015538,-0.00022227,0.0155489,0.0110237,-1.5216
243,841,1.97748,104.001,0.0213146,6,82,1.97748,-104.001,0.0105981,0.0158888,0.000136679,0.0158924,0.0105945,1.54499
252,841,1.99493,103.988,0.0184866,15,82,1.99493,-103.988,0.0102808,0.0162408,0.000501562,0.0162827,0.0102389,1.48742
261,841,2.04463,103.997,0.017031,24,82,2.04462,-103.997,0.0100845,0.0165926,0.000869515,0.0167068,0.0099703,1.44024
270,841,2.10212,104.007,0.0211204,33,82,2.10211,-104.007,0.0100108,0.0169431,0.0012377,0.0171574,0.00979646,1.39931
279,841,2.16247,104.004,0.0278227,42,82,2.16248,-104.004,0.0100615,0.0172911,0.00160334,0.0176307,0.00972192,1.36206
288,841,2.20145,104.056,0.0378162,51,82,2.20145,-104.056,0.0102383,0.0176357,0.00196366,0.0181247,0.00974938,1.32676
297,841,2.25802,104.122,0.0453312,60,82,2.25803,-104.122,0.0105426,0.0179763,0.00231593,0.0186387,0.00988016,1.29218
306,841,2.3608,104.099,0.0368078,69,82,2.36081,-104.099,0.0113525,0.0183173,0.00268113,0.0192299,0.0104399,1.24274
207,850,0.930037,104.204,0.027873,-30,73,0.930038,-104.204,0.0121397,0.01463,-0.00109047,0.01504,0.0117297,-1.21116
216,850,1.68673,104.18,0.025989,-21,73,1.68674,-104.18,0.0112421,0.0149701,-0.000833796,0.0151481,0.0110641,-1.36049
225,850,1.85753,104.055,0.0213248,-12,73,1.85753,-104.055,0.0107465,0.01524,-0.000521015,0.0152997,0.0106869,-1.45686
234,850,1.93702,104.042,0.0189401,-3,73,1.93703,-104.042,0.0103907,0.0155709,-0.000206576,0.0155791,0.0103824,-1.531
243,850,1.97293,104.062,0.0186035,6,73,1.97293,-104.062,0.0101489,0.0159056,0.000126862,0.0159084,0.0101461,1.54877
252,850,2.02033,104.047,0.0180476,15,73,2.02032,-104.047,0.0100225,0.0162428,0.000476693,0.0162791,0.0099862,1.49475
261,850,2.06564,104.029,0.0185486,24,73,2.06564,-104.029,0.0100131,0.016581,0.000840295,0.0166868,0.0099073,1.44554
270,850,2.12151,104.024,0.0237363,33,73,2.12152,-104.024,0.0101221,0.016919,0.00121505,0.0171297,0.00991142,1.39911
279,850,2.25718,104.032,0.0319977,42,73,2.25717,-104.032,0.010351,0.0172555,0.00159837,0.0176076,0.0099989,1.35399
288,850,2.2532,104.018,0.0320925,51,73,2.2532,-104.018,0.0107011,0.0175893,0.00198768,0.0181217,0.0101687,1.30908
297,850,2.183,104.017,0.0312953,60,73,2.18301,-104.017,0.0111737,0.0179193,0.0023804,0.0186747,0.0104183,1.26351
306,850,2.90104,104.003,0.028473,69,73,2.90103,-104.003,0.0121527,0.0182521,0.0028293,0.0193624,0.0110424,1.19683
207,859,1.04324,104.219,0.0285375,-30,64,1.04324,-104.219,0.0109882,0.0148339,-0.000871663,0.0150222,0.0107998,-1.35799
216,859,1.71786,104.18,0.0299562,-21,64,1.71786,-104.18,0.0103396,0.0151271,-0.000706543,0.0152292,0.0102375,-1.42729
225,859,1.84949,104.132,0.0249148,-12,64,1.84949,-104.132,0.0100473,0.0153639,-0.000451046,0.0154019,0.0100093,-1.48676
234,859,1.99012,104.093,0.0210473,-3,64,1.99013,-104.093,0.00988591,0.0156577,-0.00017812,0.0156632,0.00988042,-1.53997
243,859,1.979,104.123,0.018007,6,64,1.979,-104.123,0.00983483,0.0159545,0.00012288,0.015957,0.00983237,1.55073
252,859,2.02493,104.113,0.0188147,15,64,2.02493,-104.113,0.00989524,0.0162533,0.00044972,0.0162849,0.00986358,1.50053
261,859,2.07498,104.081,0.0205688,24,64,2.07498,-104.081,0.0100683,0.0165526,0.000800108,0.0166499,0.00997099,1.44982
270,859,2.17232,104.025,0.0283302,33,64,2.1723,-104.025,0.010355,0.0168514,0.00117172,0.0170563,0.0101502,1.3977
279,859,2.32174,104.001,0.0462851,42,64,2.32175,-104.001,0.0107567,0.0171486,0.00156223,0.01751,0.0103953,1.34347
288,859,2.23572,104.029,0.0367335,51,64,2.23572,-104.029,0.0112742,0.0174432,0.00196929,0.0180183,0.0106991,1.28669
297,859,2.15509,104.025,0.0420807,60,64,2.15509,-104.025,0.0119083,0.0177345,0.00239051,0.0185898,0.0110531,1.2272
306,859,2.77182,103.983,0.0418033,69,64,2.77182,-103.983,0.0130467,0.0180287,0.0029107,0.0193688,0.0117066,1.13933
207,868,1.70678,104.265,0.0289399,-30,55,1.70679,-104.265,0.00997504,0.0150888,-0.000650904,0.0151704,0.00989349,-1.44616
216,868,1.76074,104.147,0.0317338,-21,55,1.76074,-104.147,0.00957492,0.0153147,-0.000576601,0.015372,0.00951757,-1.47166
225,868,1.85773,104.136,0.0282515,-12,55,1.85773,-104.136,0.00948132,0.0155044,-0.000380118,0.0155283,0.00945743,-1.50802
234,868,2.00044,104.16,0.0296221,-3,55,2.00044,-104.16,0.0095103,0.0157423,-0.000153247,0.0157461,0.00950653,-1.54623
243,868,1.98396,104.214,0.0198825,6,55,1.98396,-104.214,0.0096466,0.0159835,0.000109634,0.0159854,0.00964471,1.5535
252,868,2.02117,104.209,0.0218731,15,55,2.02116,-104.209,0.00989134,0.0162267,0.000406665,0.0162527,0.00986534,1.50696
261,868,2.07655,104.192,0.0249568,24,55,2.07654,-104.192,0.0102456,0.0164708,0.000735915,0.0165566,0.0101598,1.45471
270,868,2.19204,104.135,0.0325707,33,55,2.19205,-104.135,0.0107104,0.0167145,0.0010954,0.0169081,0.0105168,1.39586
279,868,2.37734,103.972,0.0470927,42,55,2.37735,-103.972,0.0112866,0.0169568,0.0014831,0.0173213,0.0109221,1.32981
288,868,2.35577,104.039,0.0383792,51,55,2.35577,-104.039,0.0119752,0.0171968,0.00189695,0.0178132,0.0113588,1.25663
297,868,2.23674,104.031,0.0474319,60,55,2.23672,-104.031,0.0127766,0.0174338,0.00233484,0.0184028,0.0118076,1.17743
306,868,2.58965,104.009,0.0404867,69,55,2.58966,-104.009,0.0140866,0.0176765,0.00291345,0.0193035,0.0124596,1.06148
207,877,1.83402,104.201,0.033356,-30,46,1.83401,-104.201,0.00906605,0.0153992,-0.000431997,0.0154285,0.00903672,-1.503
216,877,1.82227,104.241,0.0361448,-21,46,1.82227,-104.241,0.00892618,0.0155369,-0.00045013,0.0155674,0.00889567,-1.50312
225,877,1.89084,104.312,0.0270157,-12,46,1.89084,-104.312,0.00903888,0.0156605,-0.000316919,0.0156756,0.00902374,-1.52308
234,877,1.96053,104.338,0.0278146,-3,46,1.96053,-104.338,0.00926605,0.01582,-0.00014333,0.0158231,0.00926292,-1.54894
243,877,1.97952,104.343,0.0263374,6,46,1.97952,-104.343,0.00959779,0.0159834,7.27804e-05,0.0159842,0.00959696,1.5594
252,877,2.02513,104.4,0.0272462,15,46,2.02513,-104.4,0.0100351,0.0161495,0.000329966,0.0161673,0.0100173,1.51704
261,877,2.02858,104.732,0.0299138,24,46,2.02856,-104.732,0.0105789,0.0163174,0.000626707,0.016385,0.0105113,1.46327
270,877,2.11662,104.732,0.032677,33,46,2.11661,-104.732,0.0112302,0.0164859,0.000961432,0.0166562,0.0110599,1.39543
279,877,2.31785,104.205,0.0374999,42,46,2.31784,-104.205,0.0119898,0.0166541,0.00133253,0.017008,0.011636,1.31124
288,877,2.43428,104.139,0.0337916,51,46,2.4343,-104.139,0.0128585,0.0168214,0.00173836,0.0174759,0.012204,1.21073
297,877,2.25954,104.137,0.0375022,60,46,2.25955,-104.137,0.0138365,0.0169872,0.00217724,0.0180992,0.0127245,1.09857
306,877,2.66444,104.085,0.0337674,69,46,2.66443,-104.085,0.01533,0.0171623,0.00279569,0.0191881,0.0133042,0.943732
207,886,1.89396,104.61,0.025924,-30,37,1.89395,-104.61,0.00824484,0.0156845,-0.000241638,0.0156923,0.008237,-1.53836
216,886,1.90059,104.509,0.0301347,-21,37,1.90059,-104.509,0.00837155,0.015743,-0.000342641,0.0157589,0.00835566,-1.52445
225,886,1.90189,104.481,0.0276218,-12,37,1.90189,-104.481,0.00869765,0.0157986,-0.000270312,0.0158089,0.00868737,-1.5328
234,886,1.96086,104.479,0.0256552,-3,37,1.96086,-104.479,0.00913227,0.015876,-0.000151548,0.0158794,0.00912887,-1.54834
243,886,2.00774,104.464,0.0268338,6,37,2.00774,-104.464,0.00967019,0.0159567,1.39283e-05,0.0159568,0.00967016,1.56858
252,886,1.97969,105.04,0.0291919,15,37,1.97969,-105.04,0.0103122,0.0160398,0.000225063,0.0160486,0.0103034,1.53158
261,886,1.99334,105.405,0.0351516,24,37,1.99335,-105.405,0.0110592,0.0161243,0.000480728,0.0161695,0.011014,1.477
270,886,2.10751,105.458,0.0359524,33,37,2.10751,-105.458,0.011912,0.0162094,0.000779746,0.0163465,0.0117749,1.39674
279,886,2.19922,105.086,0.0292545,42,37,2.19922,-105.086,0.0128713,0.0162944,0.00112091,0.0166288,0.0125369,1.28088
288,886,2.37594,104.511,0.0275533,51,37,2.37595,-104.511,0.0139376,0.0163785,0.00150298,0.0170942,0.013222,1.12642
297,886,2.3711,104.33,0.0273631,60,37,2.37109,-104.33,0.0151112,0.0164615,0.00192469,0.0178261,0.0137467,0.954087
306,886,2.83014,104.216,0.0281409,69,37,2.83014,-104.216,0.0168136,0.016553,0.00255597,0.0192426,0.014124,0.759933
207,895,1.81789,105.193,0.0236677,-30,28,1.81789,-105.193,0.00752374,0.0158768,-0.000100198,0.015878,0.00752254,-1.5588
216,895,1.8895,105.098,0.0262456,-21,28,1.8895,-105.098,0.00790707,0.015876,-0.000268764,0.015885,0.00789802,-1.53712
225,895,1.91938,104.658,0.0278065,-12,28,1.91939,-104.658,0.00844383,0.0158713,-0.000250359,0.0158798,0.0084354,-1.53714
234,895,1.99498,104.596,0.0265022,-3,28,1.99498,-104.596,0.00908543,0.0158763,-0.000182689,0.0158812,0.00908052,-1.54392
243,895,2.04916,104.574,0.026781,6,28,2.04916,-104.574,0.00983032,0.0158834,-6.61948e-05,0.0158842,0.0098296,-1.55986
252,895,1.97059,105.323,0.0291058,15,28,1.9706,-105.323,0.0106793,0.015892,9.84012e-05,0.0158939,0.0106774,1.55193
261,895,2.00722,105.784,0.0397521,24,28,2.0072,-105.784,0.0116331,0.0159012,0.000310301,0.0159236,0.0116107,1.4986
270,895,2.14151,105.691,0.0467426,33,28,2.14151,-105.691,0.0126926,0.0159102,0.000568661,0.0160078,0.012595,1.40092
279,895,2.10314,105.925,0.0445615,42,28,2.10315,-105.925,0.0138582,0.0159185,0.000872611,0.0162384,0.0135383,1.2194
288,895,2.33077,105.146,0.0302746,51,28,2.33078,-105.146,0.0151306,0.0159255,0.00122127,0.0168124,0.0142437,0.942721
297,895,2.42222,104.618,0.0260299,60,28,2.42221,-104.618,0.0165097,0.0159309,0.00161374,0.0178598,0.0145808,0.696674
306,895,2.98086,104.342,0.0277657,69,28,2.98087,-104.342,0.0184391,0.0159407,0.0022364,0.0197516,0.0146283,0.530698
207,904,1.85826,105.714,0.0245619,-30,19,1.85826,-105.714,0.0068285,0.0159635,5.24747e-06,0.0159635,0.00682849,1.57022
216,904,1.88605,105.716,0.0277292,-21,19,1.88605,-105.716,0.00748472,0.0159188,-0.000219586,0.0159246,0.00747901,-1.54478
225,904,1.93434,105.141,0.0269769,-12,19,1.93434,-105.141,0.00825402,0.015862,-0.000252589,0.0158704,0.00824564,-1.53764
234,904,2.0224,105.005,0.0254625,-3,19,2.0224,-105.005,0.00912857,0.0158069,-0.000237028,0.0158153,0.00912017,-1.53536
243,904,2.07712,104.962,0.0239947,6,19,2.07712,-104.962,0.0101089,0.0157528,-0.000173235,0.0157581,0.0101036,-1.54014
252,904,2.0689,105.405,0.0278071,15,19,2.06889,-105.405,0.0111957,0.0156991,-6.16512e-05,0.0157,0.0111949,-1.55711
261,904,2.21012,105.877,0.0389167,24,19,2.21011,-105.877,0.0123895,0.0156452,9.72122e-05,0.0156481,0.0123866,1.54097
270,904,2.23337,105.633,0.0392661,33,19,2.23337,-105.633,0.0136908,0.0155904,0.000302803,0.0156375,0.0136437,1.41648
288,904,2.365,105.664,0.0455151,51,19,2.36499,-105.664,0.0166176,0.0154764,0.000851897,0.0170723,0.0150217,0.490319
297,904,2.47714,105.04,0.0328634,60,19,2.47714,-105.039,0.018243,0.0154165,0.00119429,0.01868,0.0149794,0.350809
306,904,3.05219,104.535,0.0269873,69,19,3.05219,-104.535,0.0204506,0.0153561,0.00177399,0.0210075,0.0147993,0.304164
207,913,1.85654,105.883,0.0253622,-30,10,1.85655,-105.883,0.00620143,0.0159531,7.38258e-05,0.0159537,0.00620087,1.56323
216,913,1.88316,105.847,0.0281028,-21,10,1.88316,-105.847,0.00711861,0.0158779,-0.000192956,0.0158821,0.00711437,-1.54878
225,913,1.90203,105.576,0.0277264,-12,10,1.90204,-105.576,0.00812091,0.0157798,-0.000271356,0.0157894,0.00811131,-1.53543
252,913,2.1087,105.777,0.0241325,15,10,2.1087,-105.777,0.0117947,0.0154907,-0.000234017,0.0155054,0.01178,-1.50781
261,913,2.30602,105.746,0.0475921,24,10,2.30603,-105.746,0.0132438,0.0153949,-0.000131826,0.0154029,0.0132358,-1.50982
270,913,2.35721,105.601,0.0446393,33,10,2.35721,-105.601,0.0148062,0.0152989,1.44992e-05,0.0152993,0.0148057,1.54141
279,913,2.28261,105.524,0.0475513,42,10,2.28259,-105.524,0.0164823,0.0152026,0.000204465,0.0165141,0.0151708,0.154655
297,913,2.44299,105.158,0.0314053,60,10,2.44299,-105.158,0.0201765,0.0150089,0.000713375,0.0202731,0.0149123,0.134694
207,922,1.90059,105.967,0.0248361,-30,1,1.90059,-105.967,0.00564256,0.0158822,0.000123923,0.0158837,0.00564106,1.5587
216,922,1.91658,105.949,0.0262572,-21,1,1.91658,-105.949,0.00681483,0.0157832,-0.000176093,0.0157867,0.00681137,-1.55117
225,922,1.91443,105.899,0.0253765,-12,1,1.91443,-105.899,0.00805618,0.0156589,-0.000297567,0.0156705,0.00804455,-1.53174
234,922,1.96042,105.796,0.0219026,-3,1,1.96042,-105.796,0.00941398,0.0155354,-0.000377802,0.0155586,0.00939075,-1.50939
243,922,2.03594,105.774,0.0193622,6,1,2.03593,-105.774,0.0108887,0.0154126,-0.00041694,0.0154507,0.0108506,-1.47965
252,922,2.17507,105.815,0.0196388,15,1,2.17506,-105.815,0.0124811,0.0152903,-0.000415251,0.0153504,0.012421,-1.42707
261,922,2.36277,105.83,0.0402527,24,1,2.36276,-105.83,0.0141916,0.0151685,-0.000373103,0.0152947,0.0140654,-1.24464
270,922,2.48181,105.648,0.0601743,33,1,2.48181,-105.648,0.016021,0.0150472,-0.000290925,0.0161013,0.0149669,-0.269289
279,922,2.39305,105.244,0.0421427,42,1,2.39307,-105.244,0.0179696,0.0149264,-0.000169184,0.017979,0.014917,-0.055365
288,922,2.21535,105.274,0.0495482,51,1,2.21536,-105.274,0.0200379,0.0148062,-8.35668e-06,0.0200379,0.0148061,-0.0015973
207,931,1.95554,105.949,0.0247477,-30,-8,1.95554,-105.949,0.00517518,0.0158152,0.000173617,0.015818,0.00517234,1.55448
216,931,1.96916,105.937,0.0242387,-21,-8,1.96916,-105.937,0.00658106,0.0156807,-0.000155361,0.0156833,0.00657841,-1.55373
225,931,1.97363,105.888,0.0228086,-12,-8,1.97363,-105.888,0.0080543,0.0155297,-0.000320107,0.0155434,0.00804062,-1.52808
234,931,1.99057,105.811,0.0216528,-3,-8,1.99057,-105.811,0.00965267,0.0153799,-0.000449312,0.0154149,0.00961763,-1.49298
243,931,2.07503,105.809,0.0198523,6,-8,2.07503,-105.809,0.0113768,0.0152314,-0.000543132,0.0153064,0.0113017,-1.43345
252,931,2.2637,105.806,0.020244,15,-8,2.2637,-105.806,0.0132273,0.0150843,-0.000601842,0.0152623,0.0130493,-1.28325
261,931,2.43696,105.772,0.0293634,24,-8,2.43695,-105.772,0.0152049,0.0149391,-0.00062581,0.0157118,0.0144322,-0.680753
270,931,2.36432,105.677,0.0406723,33,-8,2.36432,-105.677,0.0173101,0.0147959,-0.000615457,0.0174527,0.0146533,-0.227639
279,931,2.29299,105.646,0.0396939,42,-8,2.293,-105.646,0.0195433,0.0146551,-0.000571226,0.0196092,0.0145892,-0.114798
288,931,2.2373,105.598,0.0348213,51,-8,2.2373,-105.598,0.0219046,0.0145171,-0.000493555,0.0219374,0.0144842,-0.0664159
297,931,2.68991,105.477,0.0241542,60,-8,2.68991,-105.477,0.0243937,0.0143822,-0.000382843,0.0244083,0.0143676,-0.0381663
207,940,1.94473,105.916,0.0303985,-30,-17,1.94473,-105.916,0.0047908,0.0157424,0.00023739,0.0157475,0.00478565,1.54913
216,940,2.00891,105.912,0.0279298,-21,-17,2.00891,-105.912,0.00642444,0.0155764,-0.000118839,0.0155779,0.0064229,-1.55781
225,940,2.05456,105.914,0.0246297,-12,-17,2.05455,-105.914,0.00813202,0.0154112,-0.000328268,0.015426,0.00811724,-1.52582
234,940,2.04073,105.882,0.0224115,-3,-17,2.04073,-105.882,0.00997356,0.0152485,-0.000508419,0.015297,0.009925,-1.47558
243,940,2.09957,105.884,0.0194768,6,-17,2.09956,-105.884,0.0119497,0.0150887,-0.00065943,0.0152216,0.0118168,-1.37192
252,940,2.26959,105.877,0.0194326,15,-17,2.26959,-105.876,0.0140609,0.0149322,-0.000781549,0.0153914,0.0136018,-1.03966
261,940,2.43818,105.857,0.0234957,24,-17,2.43817,-105.857,0.0163079,0.0147798,-0.000875099,0.0167055,0.0143821,-0.426515
270,940,2.44392,105.793,0.0284462,33,-17,2.44391,-105.793,0.0186909,0.0146317,-0.000940448,0.0188982,0.0144244,-0.216956
279,940,2.39714,105.738,0.031286,42,-17,2.39716,-105.738,0.0212102,0.0144886,-0.000977971,0.0213496,0.0143492,-0.141587
288,940,2.36645,105.731,0.0261324,51,-17,2.36646,-105.731,0.0238657,0.0143511,-0.00098802,0.0239672,0.0142495,-0.102387
297,940,2.91661,105.664,0.0225088,60,-17,2.91663,-105.664,0.0266567,0.0142196,-0.000970893,0.0267321,0.0141442,-0.0774386
207,949,1.82457,105.971,0.0379834,-30,-26,1.82457,-105.971,0.00452593,0.0156282,0.000318198,0.0156373,0.00451681,1.54217
216,949,1.95756,105.919,0.0367094,-21,-26,1.95757,-105.919,0.00637538,0.0154369,-6.60306e-05,0.0154373,0.0063749,-1.56351
225,949,2.05851,105.938,0.0291028,-12,-26,2.0585,-105.938,0.00831034,0.0152668,-0.000323288,0.0152818,0.00829535,-1.52446
234,949,2.06698,105.948,0.0254,-3,-26,2.06697,-105.948,0.0103875,0.015102,-0.000557725,0.0151671,0.0103224,-1.45463
243,949,2.09039,105.973,0.0200192,6,-26,2.09039,-105.973,0.0126073,0.0149432,-0.000769421,0.0151738,0.0123766,-1.27953
252,949,2.2234,105.946,0.0191725,15,-26,2.2234,-105.946,0.0149701,0.0147909,-0.000958549,0.0158432,0.0139178,-0.738802
261,949,2.31826,105.934,0.0217821,24,-26,2.31827,-105.934,0.0174762,0.0146459,-0.00112534,0.0178691,0.014253,-0.335903
270,949,2.34417,105.906,0.0236145,33,-26,2.34418,-105.906,0.0201258,0.0145087,-0.00127004,0.0203996,0.0142348,-0.212343
279,949,2.33582,105.864,0.0244241,42,-26,2.33582,-105.864,0.0229187,0.0143799,-0.00139291,0.0231402,0.0141584,-0.157683
288,949,2.58614,105.818,0.0222849,51,-26,2.58615,-105.818,0.0258547,0.0142602,-0.00149415,0.0260442,0.0140708,-0.126123
297,949,3.19306,105.789,0.0237993,60,-26,3.19305,-105.789,0.0289329,0.0141503,-0.0015739,0.0290986,0.0139846,-0.104903
207,958,1.75757,106.07,0.0339133,-30,-35,1.75757,-106.07,0.00438392,0.0155134,0.000423044,0.0155295,0.00436786,1.53286
216,958,1.97626,106.014,0.0322351,-21,-35,1.97626,-106.014,0.00643454,0.0153141,1.41013e-05,0.0153142,0.00643452,1.56921
225,958,2.06382,106.013,0.0275694,-12,-35,2.06381,-106.013,0.00858379,0.0151531,-0.00029003,0.0151659,0.00857101,-1.52676
234,958,2.08044,106.03,0.0230386,-3,-35,2.08043,-106.03,0.0108816,0.0149996,-0.000577948,0.0150792,0.010802,-1.43397
243,958,2.07379,106.022,0.0174687,6,-35,2.07379,-106.022,0.0133283,0.0148543,-0.000849684,0.0152333,0.0129493,-1.15125
252,958,2.16987,106.005,0.0194519,15,-35,2.16988,-106.005,0.0159241,0.014718,-0.00110534,0.0165802,0.0140619,-0.535682
261,958,2.22592,105.999,0.0208984,24,-35,2.22592,-105.999,0.0186691,0.0145914,-0.00134507,0.0190728,0.0141877,-0.291587
270,958,2.27142,105.981,0.0223298,33,-35,2.27142,-105.981,0.0215635,0.0144752,-0.00156905,0.0218953,0.0141434,-0.20839
279,958,2.3801,105.947,0.0225139,42,-35,2.3801,-105.947,0.024607,0.0143701,-0.00177742,0.0249068,0.0140703,-0.167116
288,958,2.98016,105.921,0.0258433,51,-35,2.98016,-105.921,0.0277991,0.0142769,-0.00197031,0.0280803,0.0139957,-0.141783
297,958,3.63393,105.933,0.0274425,60,-35,3.63394,-105.933,0.0311389,0.0141962,-0.00214774,0.031407,0.0139282,-0.124149
207,967,1.7706,106.219,0.0322364,-30,-44,1.7706,-106.219,0.00437727,0.0153658,0.000534499,0.0153917,0.00435133,1.52231
216,967,2.02327,106.123,0.0340824,-21,-44,2.02327,-106.123,0.00661038,0.0151744,0.000105574,0.0151757,0.00660908,1.55847
225,967,2.08709,106.101,0.0285977,-12,-44,2.0871,-106.101,0.00895502,0.0150299,-0.000242412,0.0150396,0.00894536,-1.53098
234,967,2.09875,106.117,0.0239587,-3,-44,2.09874,-106.117,0.0114524,0.0148945,-0.000580693,0.0149898,0.0113571,-1.40809
243,967,2.10954,106.051,0.0195157,6,-44,2.10954,-106.051,0.0141028,0.014769,-0.000909255,0.0154042,0.0134675,-0.960973
252,967,2.20497,106.022,0.0212943,15,-44,2.20497,-106.022,0.0169063,0.0146542,-0.00122814,0.0174464,0.014114,-0.414378
261,967,2.23779,106.014,0.0215753,24,-44,2.23779,-106.014,0.0198628,0.014551,-0.00153744,0.0202757,0.0141381,-0.262373
270,967,2.26756,105.997,0.0220202,33,-44,2.26755,-105.997,0.0229723,0.01446,-0.00183726,0.0233519,0.0140804,-0.203755
279,967,2.40096,105.993,0.0228809,42,-44,2.40097,-105.993,0.0262345,0.0143821,-0.00212767,0.0266049,0.0140117,-0.172347
288,967,3.29941,105.987,0.0305927,51,-44,3.29941,-105.987,0.029649,0.0143178,-0.00240874,0.0300185,0.0139483,-0.152229
297,967,3.92012,106.003,0.0295242,60,-44,3.9201,-106.003,0.0332148,0.014268,-0.00268044,0.0335867,0.0138961,-0.137868
207,976,1.97271,106.281,0.0224939,-30,-53,1.97272,-106.281,0.00450033,0.0151988,0.000636357,0.0152366,0.00446262,1.51159
216,976,2.13124,106.264,0.0269161,-21,-53,2.13124,-106.265,0.00689546,0.0150314,0.000195236,0.0150361,0.00689078,1.54682
225,976,2.15388,106.252,0.0295421,-12,-53,2.15388,-106.252,0.00941314,0.014909,-0.000189541,0.0149155,0.00940661,-1.53636
234,976,2.16668,106.139,0.0298291,-3,-53,2.16669,-106.139,0.0120849,0.0147964,-0.000570722,0.0149116,0.0119697,-1.37157
243,976,2.18589,106.052,0.0278077,6,-53,2.18588,-106.052,0.0149108,0.0146942,-0.000948272,0.015757,0.0138481,-0.728541
252,976,2.26958,106.042,0.0242504,15,-53,2.26958,-106.042,0.0178908,0.0146034,-0.00132221,0.0183566,0.0141376,-0.338707
261,976,2.28457,106.044,0.0226231,24,-53,2.28458,-106.044,0.0210248,0.0145245,-0.0016926,0.0214392,0.0141102,-0.240064
270,976,2.28651,106.031,0.0223005,33,-53,2.2865,-106.031,0.0243126,0.0144584,-0.00205952,0.0247258,0.0140453,-0.197962
279,976,2.43554,106.016,0.0232964,42,-53,2.43555,-106.016,0.0277539,0.0144056,-0.00242305,0.0281802,0.0139794,-0.174127
288,976,3.41914,106.019,0.0318075,51,-53,3.41913,-106.019,0.0313483,0.014367,-0.00278326,0.0317929,0.0139224,-0.158382
297,976,4.03702,106.026,0.0331612,60,-53,4.03702,-106.026,0.0350951,0.014343,-0.00314016,0.0355599,0.0138783,-0.146937
207,985,2.09338,106.317,0.0267475,-30,-62,2.09338,-106.317,0.00473738,0.0150568,0.000717611,0.0151065,0.00468772,1.5017
216,985,2.17206,106.398,0.0347024,-21,-62,2.17206,-106.398,0.00727294,0.0149232,0.000273552,0.014933,0.00726317,1.5351
225,985,2.22188,106.434,0.0424065,-12,-62,2.22188,-106.434,0.00993931,0.0148241,-0.000138383,0.014828,0.0099354,-1.5425
234,985,2.31676,106.295,0.0457241,-3,-62,2.31676,-106.295,0.0127577,0.014734,-0.000552119,0.0148778,0.0126139,-1.31603
243,985,2.27694,106.146,0.0333687,6,-62,2.27695,-106.146,0.0157279,0.0146535,-0.000967657,0.0162975,0.014084,-0.532
252,985,2.37022,106.115,0.0281147,15,-62,2.37022,-106.115,0.0188499,0.0145834,-0.00138505,0.0192601,0.0141732,-0.287928
261,985,2.35541,106.1,0.0230829,24,-62,2.35541,-106.1,0.0221233,0.014524,-0.0018044,0.02253,0.0141174,-0.221679
270,985,2.35491,106.101,0.0234991,33,-62,2.35492,-106.101,0.025548,0.0144761,-0.00222586,0.0259787,0.0140454,-0.191147
279,985,2.52852,106.074,0.0246066,42,-62,2.52853,-106.074,0.0291237,0.0144402,-0.00264958,0.0295871,0.0139767,-0.173173
297,985,4.10411,106.016,0.0333955,60,-62,4.10413,-106.016,0.0367268,0.0144062,-0.00350458,0.0372641,0.0138689,-0.152135
207,994,2.10533,106.256,0.0257998,-30,-71,2.10533,-106.256,0.00507285,0.0149783,0.000769653,0.0150377,0.0050134,1.49371
216,994,2.14503,106.348,0.0400407,-21,-71,2.14503,-106.348,0.00772628,0.0148806,0.000331786,0.014896,0.00771093,1.52455
225,994,2.23139,106.422,0.0488611,-12,-71,2.23138,-106.422,0.0105155,0.0148022,-9.63735e-05,0.0148043,0.0105133,-1.54833
234,994,2.36082,106.382,0.0549015,-3,-71,2.36082,-106.382,0.0134509,0.0147308,-0.000530741,0.0149223,0.0132595,-1.2246
243,994,2.37164,106.277,0.0388787,6,-71,2.37164,-106.277,0.0165323,0.0146669,-0.000971411,0.0169463,0.0142529,-0.402862
252,994,2.45476,106.245,0.0302166,15,-71,2.45476,-106.245,0.0197593,0.0146109,-0.00141854,0.0201243,0.0142459,-0.251825
261,994,2.42325,106.208,0.0256197,24,-71,2.42325,-106.208,0.0231317,0.014563,-0.00187234,0.023523,0.0141718,-0.206004
270,994,2.53822,106.288,0.0340534,33,-71,2.53821,-106.288,0.0266492,0.0145237,-0.00233312,0.0270827,0.0140903,-0.18368
279,994,3.2115,106.283,0.0363995,42,-71,3.21149,-106.283,0.0303118,0.0144932,-0.00280123,0.0307932,0.0140118,-0.170193
288,994,3.765,106.232,0.0386499,51,-71,3.76501,-106.232,0.0341192,0.0144717,-0.00327711,0.0346514,0.0139395,-0.160991
297,994,4.20446,106.206,0.0322616,60,-71,4.20447,-106.205,0.0380717,0.0144594,-0.00376126,0.0386563,0.0138747,-0.154209
207,1003,2.0396,106.258,0.0258846,-30,-80,2.0396,-106.258,0.00549246,0.014982,0.000780759,0.0150459,0.00542865,1.48925
216,1003,1.99858,106.298,0.036799,-21,-80,1.99858,-106.298,0.00823784,0.0149182,0.000359625,0.0149375,0.00821854,1.51717
225,1003,2.14649,106.412,0.0480226,-12,-80,2.1465,-106.412,0.0111201,0.014859,-7.04719e-05,0.0148603,0.0111188,-1.55196
234,1003,2.33828,106.467,0.0486458,-3,-80,2.33827,-106.467,0.0141389,0.0148043,-0.000509726,0.0150803,0.0138629,-1.07455
243,1003,2.44203,106.361,0.0378283,6,-80,2.44203,-106.361,0.0172938,0.0147544,-0.000958417,0.0176149,0.0144333,-0.323292
252,1003,2.46094,106.32,0.0381795,15,-80,2.46094,-106.32,0.0205846,0.0147092,-0.00141692,0.0209085,0.0143853,-0.224701
261,1003,2.4404,106.343,0.039207,24,-80,2.4404,-106.343,0.024011,0.0146685,-0.00188571,0.0243773,0.0143023,-0.191839
270,1003,3.0292,106.491,0.0536023,33,-80,3.02921,-106.491,0.0275731,0.0146324,-0.0023654,0.0279919,0.0142136,-0.175242
288,1003,3.62199,106.5,0.0514184,51,-80,3.62198,-106.5,0.0351049,0.0145726,-0.00336057,0.0356409,0.0140366,-0.158176
297,1003,4.46352,106.618,0.0331061,60,-80,4.46353,-106.618,0.0390758,0.0145483,-0.003878,0.0396744,0.0139497,-0.153133
207,1012,2.01901,106.512,0.0255612,-30,-89,2.01901,-106.512,0.00597045,0.0151116,0.000754377,0.0151734,0.00590861,1.48901
216,1012,2.00468,106.478,0.0297475,-21,-89,2.00467,-106.478,0.0087933,0.0150607,0.000345169,0.0150796,0.00877435,1.51594
225,1012,2.12721,106.492,0.0387068,-12,-89,2.12721,-106.492,0.0117389,0.015011,-7.28984e-05,0.0150126,0.0117373,-1.54853
234,1012,2.29081,106.402,0.036198,-3,-89,2.29082,-106.402,0.0148063,0.0149627,-0.000499871,0.0153905,0.0143786,-0.863003
243,1012,2.40902,106.461,0.0377995,6,-89,2.40901,-106.461,0.0179945,0.0149159,-0.000935864,0.0182567,0.0146538,-0.273133
252,1012,2.52679,106.506,0.0344657,15,-89,2.52678,-106.506,0.0213027,0.0148706,-0.00138107,0.0215867,0.0145866,-0.20281
261,1012,2.54111,106.475,0.0389598,24,-89,2.54111,-106.475,0.0247299,0.0148268,-0.00183576,0.0250593,0.0144975,-0.177518
270,1012,3.43592,106.473,0.0313619,33,-89,3.43591,-106.473,0.0282757,0.0147846,-0.00230033,0.0286571,0.0144031,-0.164323
279,1012,3.38922,106.505,0.0309907,42,-89,3.38922,-106.505,0.0319396,0.0147437,-0.00277526,0.0323764,0.0143069,-0.156112
288,1012,3.58818,106.461,0.0280503,51,-89,3.5882,-106.461,0.0357214,0.014704,-0.00326117,0.0362158,0.0142096,-0.150453
207,1021,2.09951,106.898,0.0246951,-30,-98,2.0995,-106.898,0.00649612,0.0152249,0.000681731,0.0152778,0.0064432,1.49332
216,1021,2.18891,106.774,0.0237992,-21,-98,2.1889,-106.774,0.00937828,0.0151787,0.0002905,0.0151932,0.00936377,1.52088
225,1021,2.38406,106.593,0.0283654,-12,-98,2.38406,-106.593,0.0123675,0.0151334,-0.000108156,0.0151377,0.0123633,-1.53177
234,1021,2.50069,106.53,0.0300573,-3,-98,2.50069,-106.53,0.0154623,0.0150892,-0.000514051,0.0158226,0.0147289,-0.611335
243,1021,2.38635,106.475,0.0303024,6,-98,2.38635,-106.475,0.0186612,0.015046,-0.000927028,0.0188851,0.0148222,-0.23694
252,1021,2.47902,106.826,0.0292192,15,-98,2.47902,-106.826,0.0219627,0.0150039,-0.00134697,0.0222143,0.0147523,-0.184683
261,1021,2.6038,106.613,0.0340179,24,-98,2.60379,-106.613,0.0253653,0.0149629,-0.00177382,0.0256594,0.0146688,-0.164337
288,1021,3.6458,106.268,0.0385369,51,-98,3.64578,-106.268,0.0361669,0.014846,-0.00309595,0.0366073,0.0144056,-0.14132
207,1030,2.1877,107.253,0.0225175,-30,-107,2.1877,-107.253,0.00709348,0.0153067,0.000495812,0.0153365,0.00706366,1.51072
216,1030,2.2634,107.159,0.0221406,-21,-107,2.2634,-107.159,0.0100057,0.0152648,0.000143977,0.0152688,0.0100018,1.54345
225,1030,2.44458,107.113,0.0261471,-12,-107,2.44458,-107.113,0.0130091,0.0152215,-0.000215921,0.0152424,0.0129882,-1.47441
234,1030,2.5074,107.005,0.0305993,-3,-107,2.5074,-107.005,0.0161018,0.0151768,-0.000583254,0.0163837,0.0148949,-0.450183
243,1030,2.61601,107.026,0.0307578,6,-107,2.61601,-107.026,0.0192821,0.0151308,-0.000957455,0.0194922,0.0149206,-0.216099
252,1030,2.58606,107.155,0.0300027,15,-107,2.58606,-107.155,0.0225481,0.0150836,-0.00133802,0.0227807,0.014851,-0.172115
261,1030,2.72757,107.135,0.0309976,24,-107,2.72757,-107.135,0.0258981,0.0150351,-0.00172452,0.0261653,0.0147679,-0.153718
279,1030,3.4554,106.727,0.0280246,42,-107,3.45541,-106.727,0.032843,0.0149343,-0.00251381,0.0331892,0.0145881,-0.136846
288,1030,3.6887,106.501,0.0249482,51,-107,3.68869,-106.501,0.0364347,0.0148817,-0.00291605,0.0368222,0.0144941,-0.132133
207,1039,2.20445,107.561,0.0192545,-30,-116,2.20445,-107.561,0.00779377,0.0153538,0.000216761,0.01536,0.00778756,1.54216
216,1039,2.25396,107.561,0.0213838,-21,-116,2.25395,-107.562,0.0106949,0.0153052,-7.99323e-05,0.0153066,0.0106935,-1.55347
225,1039,2.36865,107.633,0.0251611,-12,-116,2.36865,-107.633,0.0136709,0.0152544,-0.000385043,0.0153431,0.0135822,-1.34448
243,1039,2.83795,107.45,0.0343329,6,-116,2.83795,-107.45,0.0198388,0.0151462,-0.00101622,0.0200494,0.0149356,-0.204364
252,1039,2.74242,107.477,0.0341277,15,-116,2.74242,-107.477,0.0230263,0.0150887,-0.00134039,0.0232465,0.0148684,-0.162852
261,1039,3.01938,107.417,0.0372057,24,-116,3.01938,-107.417,0.0262799,0.0150287,-0.00166913,0.0265223,0.0147863,-0.144215
279,1039,3.62799,107.032,0.0360666,42,-116,3.62799,-107.032,0.0329766,0.0149008,-0.00233741,0.033274,0.0146035,-0.126539
288,1039,3.77918,106.868,0.0285871,51,-116,3.77917,-106.868,0.0364155,0.0148324,-0.00267565,0.0367423,0.0145056,-0.121519
207,1048,2.17012,107.777,0.0179529,-30,-125,2.17012,-107.777,0.00859706,0.0153304,-0.000143902,0.0153335,0.00859399,-1.54944
216,1048,2.20736,107.769,0.0202666,-21,-125,2.20735,-107.769,0.0114436,0.0152639,-0.000373406,0.0153001,0.0114074,-1.47427
225,1048,2.29036,107.805,0.0253417,-12,-125,2.29036,-107.805,0.0143488,0.0151962,-0.000611476,0.0155164,0.0140285,-1.08837
234,1048,2.40526,107.734,0.0304905,-3,-125,2.40526,-107.734,0.0173099,0.0151269,-0.000856627,0.0176059,0.0148309,-0.332709
243,1048,2.61303,107.638,0.03126,6,-125,2.61302,-107.638,0.0203242,0.0150559,-0.0011075,0.0205475,0.0148325,-0.198999
252,1048,2.63784,107.561,0.0337701,15,-125,2.63785,-107.561,0.0233891,0.0149828,-0.00136283,0.0236045,0.0147674,-0.156772
261,1048,3.10982,107.458,0.0343201,24,-125,3.10983,-107.458,0.0265018,0.0149073,-0.00162145,0.0267243,0.0146848,-0.136362
270,1048,3.5339,107.608,0.0301281,33,-125,3.53391,-107.608,0.0296597,0.014829,-0.0018823,0.0298949,0.0145938,-0.124294
279,1048,3.7729,107.667,0.0339388,42,-125,3.77289,-107.667,0.0328601,0.0147474,-0.00214438,0.0331106,0.014497,-0.11625
288,1048,3.86632,107.272,0.0238741,51,-125,3.86633,-107.272,0.0361003,0.0146621,-0.00240677,0.0363672,0.0143952,-0.110434
207,1057,2.14993,107.877,0.0166238,-30,-134,2.14993,-107.877,0.00950066,0.0152425,-0.000577145,0.0153,0.00944322,-1.4716
216,1057,2.21,107.86,0.0227998,-21,-134,2.21001,-107.86,0.0122486,0.0151451,-0.000730931,0.0153191,0.0120746,-1.3371
225,1057,2.28245,107.9,0.0374141,-12,-134,2.28246,-107.9,0.0150397,0.0150482,-0.000893156,0.0159371,0.0141508,-0.787786
234,1057,2.35203,107.788,0.0262412,-3,-134,2.35204,-107.788,0.0178706,0.0149515,-0.00106209,0.0182162,0.014606,-0.314532
243,1057,2.3368,107.693,0.0263977,6,-134,2.33679,-107.693,0.0207381,0.0148545,-0.00123612,0.0209873,0.0146054,-0.198895
252,1057,2.57133,107.568,0.034911,15,-134,2.57133,-107.568,0.0236389,0.0147566,-0.00141375,0.0238585,0.014537,-0.154094
261,1057,3.24465,107.564,0.036066,24,-134,3.24466,-107.564,0.0265698,0.0146573,-0.00159358,0.0267793,0.0144478,-0.130713
270,1057,3.72119,107.644,0.0344462,33,-134,3.72119,-107.644,0.0295274,0.014556,-0.0017743,0.0297348,0.0143486,-0.116365
279,1057,3.93497,107.714,0.0330776,42,-134,3.93497,-107.714,0.0325086,0.014452,-0.00195468,0.0327178,0.0142428,-0.106607
288,1057,3.95606,107.725,0.0274034,51,-134,3.95605,-107.725,0.03551,0.0143444,-0.00213356,0.0357229,0.0141315,-0.0994701
207,1066,2.16362,107.929,0.0174901,-30,-143,2.16362,-107.929,0.0105004,0.0151084,-0.00108415,0.0153508,0.0102581,-1.35089
216,1066,2.22076,107.914,0.0264692,-21,-143,2.22076,-107.914,0.013106,0.0149648,-0.00115464,0.0155176,0.0125532,-1.12426
225,1066,2.2452,107.892,0.0423264,-12,-143,2.24519,-107.892,0.0157409,0.0148239,-0.00123333,0.0165982,0.0139666,-0.607447
234,1066,2.33063,107.823,0.0274146,-3,-143,2.33063,-107.823,0.0184009,0.0146853,-0.00131838,0.0188211,0.014265,-0.308588
243,1066,2.23178,107.746,0.0330573,6,-143,2.23178,-107.746,0.0210822,0.0145484,-0.00140809,0.0213728,0.0142578,-0.203477
252,1066,2.51182,107.682,0.0269848,15,-143,2.51181,-107.682,0.0237811,0.0144125,-0.00150085,0.0240156,0.0141779,-0.155033
261,1066,3.10829,107.78,0.0274775,24,-143,3.10828,-107.78,0.0264935,0.014277,-0.00159513,0.0266984,0.0140722,-0.127719
270,1066,3.5656,107.851,0.0269466,33,-143,3.56561,-107.851,0.0292158,0.0141412,-0.00168949,0.0294028,0.0139541,-0.110253
279,1066,3.90979,107.885,0.0230861,42,-143,3.90979,-107.885,0.0319438,0.0140041,-0.00178255,0.0321192,0.0138287,-0.0980855
288,1066,4.00331,107.911,0.0222691,51,-143,4.0033,-107.911,0.0346737,0.013865,-0.00187302,0.0348409,0.0136977,-0.0890575
207,1075,2.14921,107.967,0.020289,-30,-152,2.1492,-107.967,0.0113566,0.0147889,-0.00154693,0.0153832,0.0107623,-1.204
216,1075,2.18603,107.96,0.0292551,-21,-152,2.18604,-107.96,0.013844,0.0146072,-0.00155104,0.0158229,0.0126283,-0.906022
225,1075,2.20203,107.919,0.0310539,-12,-152,2.20203,-107.919,0.0163457,0.01443,-0.00156192,0.01722,0.0135556,-0.51035
234,1075,2.2454,107.855,0.0281208,-3,-152,2.24541,-107.855,0.0188571,0.0142565,-0.00157782,0.0193462,0.0137674,-0.300609
243,1075,2.28436,107.749,0.027648,6,-152,2.28436,-107.749,0.0213738,0.0140863,-0.00159703,0.0217085,0.0137517,-0.206538
252,1075,2.46959,107.863,0.0248516,15,-152,2.46959,-107.863,0.0238915,0.0139187,-0.00161796,0.0241474,0.0136628,-0.156879
261,1075,3.09153,107.916,0.0233055,24,-152,3.09152,-107.916,0.0264056,0.0137531,-0.00163908,0.0266145,0.0135442,-0.126759
270,1075,3.61245,107.958,0.024522,33,-152,3.61246,-107.958,0.0289116,0.0135887,-0.00165892,0.0290892,0.0134112,-0.106618
279,1075,3.88285,107.941,0.0235235,42,-152,3.88284,-107.941,0.0314051,0.0134247,-0.0016761,0.03156,0.0132698,-0.09216
288,1075,3.92293,107.962,0.0254614,51,-152,3.92294,-107.962,0.0338815,0.0132602,-0.00168927,0.0340189,0.0131227,-0.0811975
207,1084,2.11259,108.004,0.0209663,-30,-161,2.11259,-108.004,0.0121959,0.0143912,-0.00208506,0.0156499,0.0109372,-1.02768
216,1084,2.15327,107.978,0.0266092,-21,-161,2.15327,-107.978,0.0145538,0.0141607,-0.00202584,0.0163927,0.0123219,-0.737038
225,1084,2.22536,107.962,0.029188,-12,-161,2.22536,-107.962,0.0169139,0.0139344,-0.00197263,0.0178961,0.0129522,-0.461991
234,1084,2.26133,107.909,0.0301638,-3,-161,2.26134,-107.909,0.0192709,0.0137117,-0.0019238,0.0198718,0.0131109,-0.302705
243,1084,2.37434,107.912,0.0274974,6,-161,2.37434,-107.912,0.0216201,0.0134921,-0.00187777,0.022033,0.0130793,-0.216414
252,1084,2.75983,108.006,0.0258419,15,-161,2.75983,-108.005,0.0239564,0.013275,-0.00183304,0.0242622,0.0129692,-0.165312
261,1084,3.22166,108.037,0.0217225,24,-161,3.22165,-108.037,0.0262747,0.01306,-0.00178815,0.0265124,0.0128223,-0.132149
270,1084,3.69932,108.023,0.0258818,33,-161,3.69931,-108.023,0.0285699,0.0128463,-0.00174167,0.0287605,0.0126557,-0.109007
279,1084,3.85599,107.986,0.0226733,42,-161,3.85599,-107.986,0.0308367,0.0126332,-0.00169223,0.0309927,0.0124772,-0.0919124
288,1084,3.93611,108.003,0.0312227,51,-161,3.93613,-108.003,0.0330699,0.01242,-0.00163849,0.0331991,0.0122908,-0.0786903
207,1093,2.08567,108.05,0.0222655,-30,-170,2.08568,-108.05,0.0130348,0.0139097,-0.00272503,0.0162322,0.0107123,-0.864978
216,1093,2.10668,108.029,0.0238369,-21,-170,2.10667,-108.029,0.0152449,0.0136306,-0.00259917,0.0171594,0.0117162,-0.634851
225,1093,2.20301,108.024,0.0253987,-12,-170,2.203,-108.024,0.0174461,0.0133551,-0.00247799,0.0186138,0.0121874,-0.440361
234,1093,2.34715,108.021,0.0276809,-3,-170,2.34715,-108.021,0.0196331,0.0130829,-0.00236008,0.0203949,0.0123211,-0.312213
243,1093,2.49605,108.029,0.0277195,6,-170,2.49605,-108.029,0.0218006,0.0128137,-0.00224405,0.0223298,0.0122846,-0.231587
252,1093,3.05685,108.031,0.0265745,15,-170,3.05685,-108.031,0.0239432,0.0125475,-0.00212856,0.0243278,0.0121629,-0.178759
261,1093,3.284,108.032,0.0238081,24,-170,3.284,-108.032,0.0260554,0.0122839,-0.00201228,0.0263434,0.0119959,-0.14216
270,1093,3.67532,108.017,0.0248722,33,-170,3.67532,-108.017,0.0281317,0.0120227,-0.00189393,0.0283514,0.0118031,-0.115472
279,1093,3.81542,107.984,0.0259907,42,-170,3.81543,-107.984,0.0301663,0.0117636,-0.00177223,0.0303354,0.0115945,-0.0951378
288,1093,3.79701,107.966,0.0371979,51,-170,3.797,-107.966,0.0321533,0.0115061,-0.00164591,0.0322837,0.0113757,-0.0790504
207,1102,2.13981,108.134,0.0251221,-30,-179,2.13982,-108.134,0.0138332,0.0133947,-0.00344946,0.0170704,0.0101575,-0.753655
216,1102,2.08482,108.079,0.0224568,-21,-179,2.08482,-108.079,0.0158918,0.0130647,-0.00326165,0.018033,0.0109235,-0.580921
225,1102,2.19055,108.088,0.0243594,-12,-179,2.19055,-108.088,0.0179331,0.0127355,-0.00307761,0.0193623,0.0113062,-0.434776
234,1102,2.39232,108.162,0.027715,-3,-179,2.39232,-108.162,0.0199515,0.0124072,-0.00289613,0.0209351,0.0114237,-0.327387
243,1102,2.5799,108.093,0.0291582,6,-179,2.5799,-108.093,0.0219417,0.0120801,-0.00271603,0.0226403,0.0113816,-0.251741
252,1102,3.08654,108.019,0.0268747,15,-179,3.08653,-108.019,0.0238979,0.0117545,-0.00253615,0.0244063,0.0112461,-0.197836
261,1102,3.2914,107.993,0.0242244,24,-179,3.29141,-107.993,0.0258142,0.0114306,-0.00235531,0.0261901,0.0110547,-0.158245
270,1102,3.65706,108.039,0.0252565,33,-179,3.65707,-108.039,0.0276847,0.0111086,-0.00217235,0.0279647,0.0108286,-0.12817
279,1102,3.77397,108.035,0.0273558,42,-179,3.77396,-108.035,0.0295032,0.0107888,-0.00198608,0.0297117,0.0105803,-0.104574
288,1102,3.80969,108.033,0.0332403,51,-179,3.80969,-108.033,0.0312633,0.0104713,-0.0017953,0.0314172,0.0103174,-0.0855021
207,1111,2.19128,108.27,0.0277348,-30,-188,2.19127,-108.27,0.0145872,0.0129105,-0.00426752,0.018098,0.00939979,-0.68841
216,1111,2.12464,108.19,0.0216634,-21,-188,2.12465,-108.19,0.0164867,0.0125318,-0.00401623,0.0189859,0.0100326,-0.556637
225,1111,2.20657,108.181,0.0263426,-12,-188,2.20657,-108.181,0.0183638,0.0121495,-0.00376816,0.0201407,0.0103727,-0.440623
234,1111,2.39309,108.226,0.0275608,-3,-188,2.39308,-108.226,0.0202134,0.0117643,-0.0035225,0.0214893,0.0104884,-0.34751
243,1111,2.47278,108.154,0.0268854,6,-188,2.47278,-108.154,0.0220303,0.0113766,-0.00327843,0.0229583,0.0104486,-0.275852
252,1111,2.90363,108.105,0.0299042,15,-188,2.90363,-108.105,0.0238091,0.0109872,-0.00303513,0.0244913,0.0103051,-0.221083
261,1111,3.2049,108.087,0.0271049,24,-188,3.2049,-108.087,0.0255444,0.0105967,-0.00279178,0.0260488,0.0100923,-0.178745
270,1111,3.6423,108.128,0.0271277,33,-188,3.6423,-108.128,0.0272303,0.0102055,-0.00254756,0.0276033,0.00983249,-0.145397
279,1111,3.7519,108.144,0.0263943,42,-188,3.75189,-108.144,0.0288609,0.0098142,-0.00230159,0.0291351,0.00954002,-0.118566
198,1120,2.25991,108.391,0.0333223,-39,-197,2.2599,-108.391,0.01352,0.012955,-0.00546756,0.0187124,0.00776267,-0.759587
207,1120,2.2366,108.366,0.0249921,-30,-197,2.2366,-108.366,0.0152796,0.0125416,-0.0051531,0.0192424,0.00857877,-0.655567
216,1120,2.21855,108.332,0.0236972,-21,-197,2.21855,-108.332,0.0170175,0.0121182,-0.00484173,0.019994,0.00914173,-0.551203
225,1120,2.25742,108.278,0.0278935,-12,-197,2.25742,-108.278,0.0187293,0.0116858,-0.00453288,0.0209477,0.00946737,-0.455142
234,1120,2.44334,108.23,0.0314461,-3,-197,2.44334,-108.23,0.0204101,0.0112454,-0.00422598,0.0220612,0.00959418,-0.372481
243,1120,2.4883,108.203,0.0275479,6,-197,2.4883,-108.203,0.0220551,0.0107979,-0.00392049,0.0232859,0.0095671,-0.304196
252,1120,2.82532,108.24,0.0276424,15,-197,2.82532,-108.24,0.0236595,0.0103445,-0.00361586,0.0245781,0.0094259,-0.248774
261,1120,3.20338,108.289,0.0266703,24,-197,3.20337,-108.289,0.025218,0.00988605,-0.00331151,0.0259027,0.00920138,-0.203881
270,1120,3.66262,108.328,0.0275318,33,-197,3.66263,-108.328,0.0267254,0.0094236,-0.00300686,0.027233,0.00891593,-0.167258
279,1120,3.70001,108.293,0.0260943,42,-197,3.70001,-108.293,0.0281759,0.00895796,-0.00270128,0.0285483,0.00858548,-0.137024
198,1129,2.31362,108.433,0.0289793,-39,-206,2.31361,-108.433,0.0143534,0.012872,-0.00650084,0.0201556,0.00706976,-0.728673
207,1129,2.28431,108.441,0.0240024,-30,-206,2.2843,-108.441,0.0159401,0.0124141,-0.00612035,0.0205463,0.0078079,-0.645166
216,1129,2.35282,108.486,0.0261757,-21,-206,2.35283,-108.486,0.0175021,0.0119395,-0.00574151,0.0211005,0.0083411,-0.559844
225,1129,2.40061,108.488,0.0286833,-12,-206,2.4006,-108.488,0.0190354,0.0114496,-0.00536407,0.0218121,0.00867293,-0.477661
234,1129,2.67443,108.465,0.028918,-3,-206,2.67444,-108.464,0.0205361,0.0109459,-0.00498777,0.0226599,0.00882215,-0.402547
243,1129,3.08394,108.392,0.0271305,6,-206,3.08394,-108.392,0.0219999,0.0104301,-0.00461241,0.0236136,0.0088164,-0.336552
252,1129,3.10134,108.456,0.027428,15,-206,3.10135,-108.456,0.0234226,0.00990368,-0.00423775,0.0246411,0.00868512,-0.279996
261,1129,3.45384,108.459,0.0293605,24,-206,3.45386,-108.459,0.0247996,0.00936822,-0.00386356,0.0257129,0.00845495,-0.23212
270,1129,3.75568,108.405,0.0301378,33,-206,3.75568,-108.405,0.0261263,0.00882521,-0.00348956,0.0268036,0.0081479,-0.191713
279,1129,3.7545,108.356,0.0260919,42,-206,3.75449,-108.356,0.0273975,0.00827606,-0.00311541,0.0278923,0.00778128,-0.157503
198,1138,2.31651,108.476,0.0293734,-39,-215,2.31651,-108.476,0.0151577,0.0130886,-0.00758359,0.021777,0.00646933,-0.717606
207,1138,2.34132,108.546,0.0278088,-30,-215,2.34132,-108.546,0.0165602,0.0125762,-0.00713201,0.0219732,0.00716324,-0.649218
216,1138,2.52928,108.707,0.0293996,-21,-215,2.52928,-108.707,0.0179362,0.0120391,-0.0066803,0.0222897,0.00768558,-0.577568
225,1138,2.664,108.779,0.0304826,-12,-215,2.664,-108.779,0.0192828,0.0114793,-0.00622857,0.0227308,0.00803132,-0.505587
234,1138,3.03626,108.766,0.0293599,-3,-215,3.03627,-108.766,0.0205969,0.010899,-0.00577695,0.0232902,0.00820571,-0.436255
243,1138,3.41077,108.465,0.0268352,6,-215,3.41077,-108.465,0.0218755,0.0103004,-0.00532561,0.0239529,0.00822297,-0.371928
252,1138,3.33451,108.517,0.0275071,15,-215,3.3345,-108.517,0.0231151,0.00968576,-0.00487471,0.024698,0.00810287,-0.313975
261,1138,3.59162,108.491,0.0293665,24,-215,3.59161,-108.491,0.0243122,0.00905732,-0.00442438,0.0255025,0.00786699,-0.262815
270,1138,3.80353,108.426,0.0307964,33,-215,3.80353,-108.426,0.0254626,0.00841724,-0.00397468,0.0263439,0.00753598,-0.21819
279,1138,3.84112,108.337,0.0270707,42,-215,3.84113,-108.337,0.0265622,0.00776762,-0.00352562,0.0272018,0.00712802,-0.179461
198,1147,2.32061,108.483,0.0377642,-39,-224,2.3206,-108.483,0.0159642,0.0136628,-0.00870046,0.0235897,0.00603726,-0.719653
207,1147,2.44075,108.707,0.0333749,-30,-224,2.44075,-108.707,0.0171662,0.0130806,-0.00817146,0.0235463,0.00670044,-0.662911
216,1147,2.69033,109.036,0.0317581,-21,-224,2.69032,-109.036,0.0183406,0.0124664,-0.00764065,0.0235892,0.00721779,-0.601903
225,1147,2.96796,109.055,0.0318304,-12,-224,2.96796,-109.055,0.0194854,0.0118229,-0.00710844,0.0237293,0.00757901,-0.53823
234,1147,3.46853,108.703,0.0286946,-3,-224,3.46854,-108.703,0.0205986,0.0111528,-0.00657532,0.0239714,0.00778,-0.473954
243,1147,3.5049,108.414,0.0265742,6,-224,3.5049,-108.414,0.0216781,0.0104588,-0.00604179,0.024313,0.00782398,-0.411235
252,1147,3.43632,108.508,0.0280725,15,-224,3.43633,-108.508,0.0227215,0.00974375,-0.00550835,0.0247442,0.00772102,-0.351925
261,1147,3.70312,108.669,0.0301632,24,-224,3.70312,-108.669,0.023726,0.00901049,-0.00497546,0.0252503,0.00748615,-0.297294
270,1147,3.90736,108.468,0.0328172,33,-224,3.90735,-108.468,0.0246885,0.00826184,-0.0044435,0.0258135,0.00713689,-0.247957
279,1147,3.99066,108.255,0.0296558,42,-224,3.99066,-108.255,0.0256056,0.00750052,-0.00391278,0.026415,0.0066911,-0.203989
198,1156,2.30227,108.499,0.043869,-39,-233,2.30228,-108.499,0.0167619,0.0144534,-0.00979759,0.025473,0.00574233,-0.726763
207,1156,2.61314,108.867,0.0407515,-30,-233,2.61314,-108.867,0.0177522,0.0137937,-0.00918861,0.0251723,0.00637359,-0.679318
216,1156,2.84123,109.32,0.0352865,-21,-233,2.84123,-109.32,0.0187141,0.0130954,-0.0085761,0.0249293,0.00688023,-0.627116
225,1156,3.23816,109.254,0.0312766,-12,-233,3.23816,-109.254,0.0196469,0.0123613,-0.00796078,0.0247588,0.00724947,-0.570824
234,1156,3.53805,108.66,0.0288198,-3,-233,3.53804,-108.66,0.0205496,0.0115946,-0.00734346,0.024673,0.00747127,-0.511627
243,1156,3.52374,108.371,0.0279078,6,-233,3.52374,-108.371,0.0214213,0.0107984,-0.00672495,0.0246793,0.0075403,-0.451148
252,1156,3.47152,108.695,0.0284967,15,-233,3.47151,-108.695,0.0222606,0.00997589,-0.00610609,0.0247792,0.00745724,-0.391219
261,1156,3.82984,108.75,0.0388877,24,-233,3.82983,-108.75,0.0230658,0.00913051,-0.00548764,0.0249673,0.00722898,-0.333564
270,1156,3.92481,108.472,0.0396142,33,-233,3.9248,-108.472,0.0238348,0.00826555,-0.0048703,0.0252328,0.00686757,-0.279526
279,1156,4.12903,108.193,0.0348832,42,-233,4.12903,-108.193,0.0245651,0.00738425,-0.00425467,0.025561,0.00638835,-0.229933

